27.339723 -0.222394 51081.35927 18.099 0.015 51081.360936 16.932 0.004 51081.357603 16.874 0.004 51081.358436 16.877 0.005 51081.360103 16.88 0.011
27.339723 -0.222394 52225.255108 18.358 0.016 52225.256774 17.148 0.004 52225.253441 16.959 0.005 52225.254274 16.913 0.005 52225.255941 16.886 0.011
27.339723 -0.222394 52288.089528 18.138 0.014 52288.091194 16.944 0.004 52288.087861 16.831 0.004 52288.088694 16.833 0.005 52288.090361 16.828 0.01
27.339723 -0.222394 52551.362821 18.55 0.018 52551.364487 17.356 0.005 52551.361154 17.099 0.005 52551.361987 17.009 0.005 52551.363654 16.949 0.012
27.339723 -0.222394 52558.395696 17.991 0.013 52558.397362 16.818 0.005 52558.394029 16.786 0.006 52558.394862 16.795 0.007 52558.396529 16.814 0.01
27.339723 -0.222394 52576.228746 18.665 0.018 52576.230412 17.465 0.005 52576.227079 17.185 0.005 52576.227912 17.092 0.006 52576.229579 17.051 0.012
27.339723 -0.222394 52577.283202 18.391 0.016 52577.284868 17.181 0.005 52577.281535 16.973 0.005 52577.282368 16.935 0.005 52577.284035 16.904 0.011
27.339723 -0.222394 52585.230279 -99.99 0.017 52585.231945 17.376 0.005 52585.228612 17.096 0.005 52585.229445 16.996 0.006 52585.231112 16.968 0.013
27.339723 -0.222394 52910.367158 18.219 0.015 52910.368824 17.116 0.004 52910.365491 17.004 0.005 52910.366324 16.954 0.005 52910.367991 16.929 0.011
27.339723 -0.222394 52935.294326 18.219 0.016 52935.295992 17.023 0.004 52935.292659 16.898 0.005 52935.293492 16.875 0.006 52935.295159 16.844 0.012
27.339723 -0.222394 52963.217401 18.487 0.016 52963.219067 17.279 0.005 52963.215734 17.045 0.006 52963.216567 16.971 0.006 52963.218234 16.936 0.011
27.339723 -0.222394 52971.208317 18.659 0.02 52971.209983 17.494 0.005 52971.20665 17.202 0.005 52971.207483 17.11 0.005 52971.20915 17.044 0.012
27.339723 -0.222394 53351.139706 18.678 0.019 53351.141372 17.508 0.005 53351.138039 17.233 0.005 53351.138872 17.137 0.006 53351.140539 17.087 0.013
27.339723 -0.222394 53622.396761 -99.99 0.017 53622.398427 -99.99 0.004 53622.395094 16.894 0.004 53622.395927 16.882 0.005 53622.397594 16.845 0.012
27.339723 -0.222394 53634.346232 -99.99 0.042 53634.347898 -99.99 0.007 53634.344565 17.202 0.008 53634.345398 -99.99 0.007 53634.347065 -99.99 0.015
27.339723 -0.222394 53638.387569 -99.99 0.022 53638.389235 17.513 0.005 53638.385902 17.222 0.006 53638.386735 17.125 0.006 53638.388402 17.066 0.012
27.339723 -0.222394 53640.351604 18.749 0.024 53640.35327 17.626 0.006 53640.349937 17.34 0.006 53640.35077 17.243 0.006 53640.352437 17.175 0.013
27.339723 -0.222394 53646.413014 18.818 0.035 53646.41468 17.582 0.006 53646.411347 -99.99 0.016 53646.41218 -99.99 0.009 53646.413847 -99.99 0.018
27.339723 -0.222394 53655.323776 18.723 0.022 53655.325442 17.515 0.005 53655.322109 17.227 0.005 53655.322942 17.134 0.006 53655.324609 17.044 0.013
27.339723 -0.222394 53664.348733 18.704 0.043 53664.350399 17.478 0.008 53664.347066 17.207 0.009 53664.347899 17.078 0.009 53664.349566 17.085 0.02
27.339723 -0.222394 53665.413358 18.442 0.027 53665.415024 17.249 0.006 53665.411691 17.031 0.006 53665.412524 16.956 0.006 53665.414191 16.921 0.013
27.339723 -0.222394 53669.307977 18.616 0.02 53669.309643 17.49 0.005 53669.30631 17.229 0.005 53669.307143 17.132 0.006 53669.30881 17.111 0.012
27.339723 -0.222394 53671.392736 18.252 0.022 53671.394402 17.054 0.005 53671.391069 16.92 0.005 53671.391902 16.852 0.005 53671.393569 16.838 0.012
27.339723 -0.222394 53674.292213 -99.99 0.017 53674.293879 17.043 0.004 53674.290546 16.95 0.004 53674.291379 16.943 0.005 53674.293046 16.912 0.013
27.339723 -0.222394 53676.381679 18.599 0.025 53676.383345 17.421 0.005 53676.380012 17.121 0.005 53676.380845 17.048 0.006 53676.382512 16.984 0.012
27.339723 -0.222394 53679.353576 18.437 0.021 53679.355242 17.279 0.005 53679.351909 17.061 0.005 53679.352742 16.984 0.005 53679.354409 16.906 0.014
27.339723 -0.222394 53681.345089 18.677 0.023 53681.346755 17.509 0.006 53681.343422 17.221 0.006 53681.344255 17.137 0.007 53681.345922 17.098 0.012
27.339723 -0.222394 53684.306583 18.662 0.023 53684.308249 17.5 0.005 53684.304916 17.199 0.006 53684.305749 17.084 0.006 53684.307416 17.028 0.012
27.339723 -0.222394 53685.304145 -99.99 0.021 53685.305811 17.061 0.006 53685.302478 16.897 0.006 53685.303311 16.874 0.007 53685.304978 16.881 0.011
27.339723 -0.222394 53694.318027 18.077 0.034 53694.319693 16.842 0.005 53694.31636 16.789 0.005 53694.317193 16.821 0.006 53694.31886 -99.99 0.016
27.339723 -0.222394 53697.302113 18.033 0.017 53697.303779 16.876 0.005 53697.300446 16.811 0.005 53697.301279 16.835 0.006 53697.302946 16.814 0.011
27.339723 -0.222394 53700.301071 18.216 0.019 53700.302737 17.062 0.004 53700.299404 16.945 0.005 53700.300237 16.923 0.005 53700.301904 16.928 0.014
27.339723 -0.222394 53705.287741 18.342 0.019 53705.289407 17.107 0.005 53705.286074 16.945 0.005 53705.286907 16.905 0.005 53705.288574 16.901 0.011
27.339723 -0.222394 53975.37286 18.656 0.021 53975.374527 17.501 0.013 53975.371193 17.221 0.016 53975.372027 17.176 0.021 53975.373693 17.106 0.022
27.339723 -0.222394 53990.385578 -99.99 0.036 53990.387245 17.508 0.012 53990.383912 17.21 0.016 53990.384745 17.131 0.019 53990.386412 17.033 0.016
27.339723 -0.222394 53993.384998 -99.99 0.061 53993.386665 17.516 0.018 53993.383331 17.211 0.012 53993.384165 17.13 0.018 53993.385831 17.026 0.029
27.339723 -0.222394 53994.395857 18.314 0.046 53994.397523 17.126 0.014 53994.39419 16.957 0.016 53994.395023 16.886 0.015 53994.39669 16.88 0.016
27.339723 -0.222394 53996.379532 -99.99 0.043 53996.381198 -99.99 0.054 53996.377865 17.156 0.029 53996.378698 17.086 0.019 53996.380365 17.055 0.02
27.339723 -0.222394 54005.39267 18.524 0.018 54005.394337 17.368 0.019 54005.391004 17.094 0.014 54005.391837 17.002 0.021 54005.393504 16.937 0.017
27.339723 -0.222394 54010.333589 18.616 0.024 54010.335256 17.488 0.016 54010.331922 17.223 0.016 54010.332756 17.124 0.016 54010.334422 17.01 0.021
27.339723 -0.222394 54012.326454 18.762 0.031 54012.328121 17.595 0.013 54012.324787 17.342 0.015 54012.325621 17.243 0.013 54012.327287 17.188 0.022
27.339723 -0.222394 54020.332425 -99.99 0.021 54020.334092 16.944 0.022 54020.330759 16.824 0.012 54020.331592 16.805 0.017 54020.333259 16.802 0.019
27.339723 -0.222394 54024.41403 -99.99 0.044 54024.415697 -99.99 0.013 54024.412363 17.325 0.013 54024.413197 17.24 0.019 54024.414863 17.179 0.024
27.339723 -0.222394 54028.402309 18.539 0.044 54028.403976 17.415 0.015 54028.400643 17.091 0.022 54028.401476 17.032 0.016 54028.403143 16.997 0.018
27.339723 -0.222394 54030.326001 18.67 0.021 54030.327668 17.525 0.016 54030.324335 17.213 0.01 54030.325168 17.127 0.023 54030.326835 17.056 0.019
27.339723 -0.222394 54035.401732 18.081 0.036 54035.403399 16.93 0.018 54035.400066 16.832 0.015 54035.400899 16.838 0.018 54035.402566 16.908 0.034
27.339723 -0.222394 54037.307215 18.199 0.016 54037.308881 17.043 0.017 54037.305548 16.867 0.02 54037.306381 16.88 0.015 54037.308048 16.87 0.022
27.339723 -0.222394 54040.321824 -99.99 0.02 54040.323491 17.01 0.018 54040.320157 16.848 0.019 54040.320991 16.886 0.018 54040.322657 16.826 0.017
27.339723 -0.222394 54047.352324 -99.99 0.086 54047.353991 17.526 0.012 54047.350657 17.206 0.013 54047.351491 17.181 0.009 54047.353157 17.15 0.027
27.339723 -0.222394 54049.348145 -99.99 0.021 54049.349811 16.823 0.019 54049.346478 16.765 0.013 54049.347311 16.799 0.012 54049.348978 16.787 0.014
27.339723 -0.222394 54053.312486 18.627 0.021 54053.314152 17.539 0.018 54053.310819 17.207 0.024 54053.311652 17.136 0.018 54053.313319 17.059 0.022
27.339723 -0.222394 54056.314141 18.688 0.032 54056.315808 17.547 0.023 54056.312474 -99.99 0.025 54056.313308 17.096 0.019 54056.314974 17.022 0.018
27.339723 -0.222394 54059.308443 -99.99 0.029 54059.31011 17.476 0.036 54059.306776 17.175 0.015 54059.30761 17.098 0.015 54059.309276 17.016 0.015
27.339723 -0.222394 54061.31953 18.716 0.039 54061.321197 -99.99 0.111 54061.317864 17.33 0.026 54061.318697 17.31 0.043 54061.320364 17.207 0.078
27.339723 -0.222394 54062.313344 18.678 0.026 54062.315011 17.505 0.023 54062.311677 17.172 0.021 54062.312511 17.078 0.019 54062.314177 17.009 0.029
27.339723 -0.222394 54064.309751 18.717 0.024 54064.311418 17.518 0.022 54064.308084 17.238 0.022 54064.308918 17.175 0.014 54064.310584 17.129 0.019
27.339723 -0.222394 54068.293906 18.505 0.025 54068.295573 17.352 0.026 54068.29224 17.073 0.013 54068.293073 17.017 0.014 54068.29474 16.935 0.022
27.339723 -0.222394 54357.351702 18.417 0.021 54357.353369 17.225 0.019 54357.350035 17.007 0.018 54357.350869 16.912 0.021 54357.352535 16.909 0.021
27.339723 -0.222394 54359.383455 18.673 0.024 54359.385122 17.509 0.025 54359.381789 17.238 0.016 54359.382622 17.132 0.011 54359.384289 17.057 0.021
27.339723 -0.222394 54362.401461 18.666 0.028 54362.403128 17.525 0.018 54362.399794 17.242 0.019 54362.400628 17.137 0.016 54362.402294 17.064 0.022
27.339723 -0.222394 54376.396548 -99.99 0.024 54376.398215 17.54 0.021 54376.394881 17.271 0.019 54376.395715 17.176 0.018 54376.397381 17.13 0.023
27.339723 -0.222394 54382.38171 18.685 0.037 54382.383377 17.52 0.02 54382.380043 17.201 0.019 54382.380877 17.147 0.018 54382.382543 17.069 0.017
27.339723 -0.222394 54385.399446 18.683 0.035 54385.401113 17.564 0.025 54385.39778 17.233 0.016 54385.398613 17.159 0.016 54385.40028 17.092 0.019
27.339723 -0.222394 54387.399968 18.221 0.023 54387.401635 17.035 0.015 54387.398301 -99.99 0.04 54387.399135 16.932 0.019 54387.400801 16.922 0.033
27.339723 -0.222394 54390.392556 18.614 0.027 54390.394222 -99.99 0.012 54390.390889 17.237 0.012 54390.391722 17.165 0.022 54390.393389 17.124 0.017
27.339723 -0.222394 54391.400763 18.69 0.025 54391.402429 17.496 0.013 54391.399096 17.22 0.017 54391.399929 17.101 0.012 54391.401596 17.098 0.024
27.339723 -0.222394 54402.393156 -99.99 0.042 54402.394823 17.529 0.026 54402.39149 17.215 0.013 54402.392323 17.134 0.014 54402.39399 17.142 0.022
