-29.107502 -0.52677 51464.207109 19.826 0.04 51464.208775 18.575 0.008 51464.205442 18.316 0.008 51464.206275 18.224 0.009 51464.207942 18.201 0.025
-29.107502 -0.52677 52197.232846 19.666 0.041 52197.234512 18.421 0.007 52197.231179 18.138 0.007 52197.232012 18.014 0.008 52197.233679 17.953 0.019
-29.107502 -0.52677 52231.118827 19.496 0.034 52231.120493 18.157 0.007 52231.11716 17.969 0.007 52231.117993 17.88 0.008 52231.11966 17.861 0.019
-29.107502 -0.52677 52557.226832 19.711 0.049 52557.228498 18.423 0.007 52557.225165 18.12 0.008 52557.225998 18.03 0.009 52557.227665 18.027 0.027
-29.107502 -0.52677 52578.12291 19.778 0.039 52578.124576 18.619 0.008 52578.121243 18.34 0.008 52578.122076 18.208 0.009 52578.123743 18.169 0.024
-29.107502 -0.52677 52929.153136 19.172 0.028 52929.154802 17.852 0.006 52929.151469 17.787 0.006 52929.152302 17.775 0.007 52929.153969 17.783 0.018
-29.107502 -0.52677 52934.133293 19.612 0.04 52934.134959 18.246 0.007 52934.131626 18.025 0.007 52934.132459 17.934 0.008 52934.134126 17.912 0.021
-29.107502 -0.52677 52936.129219 19.834 0.042 52936.130885 18.549 0.008 52936.127552 18.241 0.008 52936.128385 18.095 0.008 52936.130052 18.036 0.02
-29.107502 -0.52677 53243.314428 19.847 0.051 53243.316094 18.558 0.01 53243.312761 18.253 0.009 53243.313594 18.13 0.009 53243.315261 18.086 0.02
-29.107502 -0.52677 53270.193289 19.928 0.055 53270.194955 18.683 0.014 53270.191622 18.361 0.015 53270.192455 18.232 0.014 53270.194122 18.229 0.025
-29.107502 -0.52677 53272.243228 19.428 0.062 53272.244894 18.152 0.01 53272.241561 17.958 0.008 53272.242394 17.897 0.008 53272.244061 17.843 0.019
-29.107502 -0.52677 53286.211944 19.449 0.04 53286.21361 18.188 0.007 53286.210277 17.98 0.007 53286.21111 17.922 0.007 53286.212777 17.892 0.021
-29.107502 -0.52677 53288.170433 19.789 0.045 53288.172099 18.496 0.008 53288.168766 18.174 0.008 53288.169599 18.052 0.008 53288.171266 18.032 0.02
-29.107502 -0.52677 53294.197766 19.668 0.038 53294.199433 18.4 0.026 53294.196099 18.124 0.014 53294.196933 18.004 0.015 53294.198599 17.983 0.025
-29.107502 -0.52677 53302.166104 19.837 0.076 53302.16777 18.545 0.012 53302.164437 18.231 0.01 53302.16527 18.096 0.009 53302.166937 18.047 0.023
-29.107502 -0.52677 53312.121631 19.835 0.055 53312.123297 18.614 0.021 53312.119964 18.34 0.015 53312.120797 18.214 0.016 53312.122464 18.094 0.038
-29.107502 -0.52677 53314.122828 19.397 0.034 53314.124494 18.141 0.006 53314.121161 17.947 0.007 53314.121994 17.918 0.008 53314.123661 17.861 0.023
-29.107502 -0.52677 53616.2272 -99.99 0.182 53616.228866 18.635 0.018 53616.225533 -99.99 0.023 53616.226366 -99.99 0.035 53616.228033 -99.99 0.136
-29.107502 -0.52677 53623.21741 19.589 0.046 53623.219076 18.387 0.008 53623.215743 18.098 0.008 53623.216576 17.996 0.008 53623.218243 17.947 0.022
-29.107502 -0.52677 53626.203622 19.499 0.051 53626.205288 18.271 0.009 53626.201955 18.036 0.008 53626.202788 17.935 0.008 53626.204455 17.929 0.022
-29.107502 -0.52677 53628.188488 19.753 0.125 53628.190154 18.576 0.018 53628.186821 18.242 0.014 53628.187654 18.088 0.013 53628.189321 18.065 0.03
-29.107502 -0.52677 53637.190102 19.66 0.049 53637.191768 18.392 0.008 53637.188435 18.128 0.008 53637.189268 18.018 0.009 53637.190935 17.953 0.026
-29.107502 -0.52677 53644.182543 19.833 0.039 53644.18421 18.644 0.014 53644.180876 18.377 0.011 53644.18171 18.292 0.02 53644.183376 18.177 0.024
-29.107502 -0.52677 53654.217173 19.671 0.051 53654.218839 18.47 0.009 53654.215506 18.156 0.009 53654.216339 18.058 0.009 53654.218006 17.974 0.024
-29.107502 -0.52677 53656.164765 19.816 0.119 53656.166431 18.602 0.017 53656.163098 18.257 0.013 53656.163931 18.141 0.013 53656.165598 18.073 0.033
-29.107502 -0.52677 53663.178074 19.393 0.046 53663.17974 18.114 0.008 53663.176407 17.931 0.008 53663.17724 17.874 0.008 53663.178907 17.884 0.018
-29.107502 -0.52677 53665.156043 19.59 0.165 53665.157709 18.433 0.053 53665.154376 18.211 0.032 53665.155209 18.045 0.031 53665.156876 -99.99 0.106
-29.107502 -0.52677 53668.167674 19.627 0.045 53668.16934 18.434 0.008 53668.166007 18.146 0.008 53668.16684 18.038 0.009 53668.168507 17.998 0.029
-29.107502 -0.52677 53670.172528 19.734 0.045 53670.174194 18.555 0.008 53670.170861 18.26 0.008 53670.171694 18.156 0.009 53670.173361 18.042 0.025
-29.107502 -0.52677 53673.14051 19.774 0.045 53673.142176 18.573 0.008 53673.138843 18.261 0.008 53673.139676 18.118 0.008 53673.141343 18.109 0.025
-29.107502 -0.52677 53675.137398 19.892 0.049 53675.139064 18.653 0.008 53675.135731 18.378 0.009 53675.136564 18.229 0.009 53675.138231 18.195 0.029
-29.107502 -0.52677 53677.158431 19.43 0.036 53677.160097 18.167 0.007 53677.156764 17.958 0.007 53677.157597 17.898 0.007 53677.159264 17.847 0.018
-29.107502 -0.52677 53680.145096 19.322 0.033 53680.146762 18.01 0.006 53680.143429 17.882 0.007 53680.144262 17.849 0.007 53680.145929 17.795 0.018
-29.107502 -0.52677 53686.211801 19.212 0.125 53686.213467 17.998 0.016 53686.210134 17.856 0.012 53686.210967 17.837 0.013 53686.212634 17.825 0.034
-29.107502 -0.52677 53693.146998 19.754 0.07 53693.148664 18.571 0.012 53693.145331 18.228 0.009 53693.146164 18.087 0.009 53693.147831 18.089 0.022
-29.107502 -0.52677 53702.142684 19.632 0.066 53702.14435 18.416 0.019 53702.141017 18.085 0.028 53702.14185 18.003 0.018 53702.143517 17.894 0.049
-29.107502 -0.52677 53703.151796 19.086 0.036 53703.153463 17.873 0.015 53703.15013 17.786 0.013 53703.150963 17.777 0.013 53703.15263 17.77 0.031
-29.107502 -0.52677 53704.130324 19.706 0.047 53704.13199 18.604 0.008 53704.128657 18.276 0.008 53704.12949 18.129 0.008 53704.131157 18.131 0.026
-29.107502 -0.52677 53989.226421 19.387 0.043 53989.228088 18.293 0.019 53989.224754 18.027 0.015 53989.225588 17.955 0.016 53989.227254 17.954 0.024
-29.107502 -0.52677 53995.215625 19.266 0.03 53995.217292 18.033 0.011 53995.213959 17.896 0.015 53995.214792 17.847 0.011 53995.216459 17.846 0.019
-29.107502 -0.52677 53997.194002 19.696 0.042 53997.195669 18.436 0.015 53997.192336 18.149 0.014 53997.193169 18.039 0.015 53997.194836 18.05 0.033
-29.107502 -0.52677 54000.201783 19.601 0.043 54000.203449 18.329 0.015 54000.200116 18.076 0.012 54000.200949 17.986 0.016 54000.202616 18.019 0.029
-29.107502 -0.52677 54007.178595 19.841 0.046 54007.180262 18.681 0.016 54007.176929 18.374 0.016 54007.177762 18.249 0.014 54007.179429 18.25 0.029
-29.107502 -0.52677 54009.175703 19.259 0.035 54009.17737 18.048 0.017 54009.174037 17.894 0.014 54009.17487 17.862 0.015 54009.176537 17.856 0.024
-29.107502 -0.52677 54011.240217 19.8 0.062 54011.241884 18.582 0.018 54011.23855 18.236 0.016 54011.239384 18.126 0.019 54011.24105 18.052 0.023
-29.107502 -0.52677 54019.19041 19.768 0.048 54019.192076 18.61 0.02 54019.188743 18.253 0.01 54019.189576 18.125 0.014 54019.191243 18.046 0.021
-29.107502 -0.52677 54025.239237 19.773 0.048 54025.240904 18.547 0.018 54025.237571 18.266 0.015 54025.238404 18.132 0.014 54025.240071 18.11 0.029
-29.107502 -0.52677 54029.169551 19.067 0.033 54029.171218 17.89 0.015 54029.167884 17.779 0.018 54029.168718 17.792 0.013 54029.170384 17.775 0.03
-29.107502 -0.52677 54051.146131 19.462 0.094 54051.147797 18.23 0.02 54051.144464 18.031 0.022 54051.145297 17.9 0.024 54051.146964 17.879 0.061
-29.107502 -0.52677 54356.247717 19.913 0.048 54356.249384 18.673 0.016 54356.24605 18.385 0.012 54356.246884 18.279 0.024 54356.24855 18.267 0.029
-29.107502 -0.52677 54358.192816 19.133 0.069 54358.194482 17.865 0.017 54358.191149 17.777 0.019 54358.191982 -99.99 0.028 54358.193649 17.779 0.028
-29.107502 -0.52677 54373.300037 19.475 0.081 54373.301703 18.286 0.018 54373.29837 18.095 0.034 54373.299203 -99.99 0.028 54373.30087 18.027 0.03
-29.107502 -0.52677 54382.234976 19.851 0.061 54382.236642 18.57 0.019 54382.233309 18.259 0.017 54382.234142 18.121 0.015 54382.235809 18.114 0.03
-29.107502 -0.52677 54386.237719 19.503 0.038 54386.239386 18.258 0.018 54386.236052 17.988 0.016 54386.236886 17.916 0.018 54386.238552 17.908 0.025
-29.107502 -0.52677 54388.241991 19.855 0.054 54388.243658 18.556 0.015 54388.240324 18.237 0.011 54388.241158 18.104 0.014 54388.242824 18.072 0.024
-29.107502 -0.52677 54403.155772 19.252 0.031 54403.157438 18.003 0.015 54403.154105 17.867 0.015 54403.154938 17.82 0.017 54403.156605 17.793 0.019
-29.107502 -0.52677 54406.149615 19.181 0.03 54406.151282 17.852 0.015 54406.147949 17.764 0.016 54406.148782 17.788 0.014 54406.150449 17.793 0.023
-29.107502 -0.52677 54412.152539 19.438 0.041 54412.154206 18.347 0.016 54412.150873 18.147 0.011 54412.151706 18.072 0.014 54412.153373 18.004 0.023
