-28.363013 0.860596 51467.300147 15.305 0.005 51467.301813 14.066 0.002 51467.29848 14.046 0.003 51467.299313 14.064 0.003 51467.30098 14.071 0.003
-28.363013 0.860596 51819.276147 15.712 0.006 51819.277813 14.558 0.005 51819.27448 14.373 0.005 51819.275313 14.307 0.005 51819.27698 14.293 0.006
-28.363013 0.860596 52577.128918 15.776 0.005 52577.130584 14.591 0.003 52577.127251 14.401 0.004 52577.128084 14.323 0.004 52577.129751 14.294 0.005
-28.363013 0.860596 52586.132396 15.231 0.004 52586.134062 14.012 0.003 52586.130729 14.001 0.003 52586.131562 14.03 0.003 52586.133229 14.036 0.004
-28.363013 0.860596 52935.140043 15.458 0.007 52935.141709 14.293 0.005 52935.138376 14.223 0.005 52935.139209 14.204 0.005 52935.140876 14.191 0.006
-28.363013 0.860596 53313.133244 15.639 0.005 53313.13491 14.471 0.003 53313.131577 14.342 0.003 53313.13241 14.323 0.003 53313.134077 14.29 0.004
-28.363013 0.860596 53622.24249 15.639 0.005 53622.244156 14.471 0.002 53622.240823 14.369 0.002 53622.241656 14.316 0.003 53622.243323 14.294 0.004
-28.363013 0.860596 53634.191961 -99.99 0.006 53634.193627 14.506 0.003 53634.190294 14.278 0.003 53634.191127 -99.99 0.003 53634.192794 14.248 0.004
-28.363013 0.860596 53655.169497 15.86 0.006 53655.171163 14.63 0.004 53655.16783 14.483 0.004 53655.168663 14.371 0.004 53655.17033 14.337 0.006
-28.363013 0.860596 53664.194456 15.508 0.005 53664.196122 14.257 0.003 53664.192789 14.183 0.003 53664.193622 14.159 0.003 53664.195289 14.136 0.003
-28.363013 0.860596 53671.238472 15.822 0.006 53671.240138 14.687 0.002 53671.236805 14.467 0.002 53671.237638 14.36 0.003 53671.239305 14.338 0.004
-28.363013 0.860596 53674.137931 15.717 0.008 53674.139597 14.568 0.007 53674.136264 14.414 0.006 53674.137097 14.354 0.006 53674.138764 14.313 0.007
-28.363013 0.860596 53676.227427 15.698 0.006 53676.229093 14.524 0.004 53676.22576 14.335 0.004 53676.226593 14.575 0.004 53676.22826 14.255 0.005
-28.363013 0.860596 53679.199309 15.682 0.005 53679.200975 14.498 0.002 53679.197642 14.384 0.003 53679.198475 14.332 0.003 53679.200142 14.315 0.004
-28.363013 0.860596 53685.149865 15.843 0.007 53685.151531 14.659 0.004 53685.148198 14.489 0.004 53685.149031 14.418 0.004 53685.150698 14.386 0.004
-28.363013 0.860596 53687.188213 15.6 0.006 53687.189879 14.366 0.003 53687.186546 14.249 0.003 53687.187379 14.217 0.003 53687.189046 14.21 0.004
-28.363013 0.860596 53694.163756 15.752 0.006 53694.165422 14.519 0.002 53694.162089 14.376 0.002 53694.162922 14.292 0.002 53694.164589 14.274 0.004
-28.363013 0.860596 53697.147845 -99.99 0.016 53697.149511 14.192 0.004 53697.146178 14.17 0.005 53697.147011 14.156 0.005 53697.148678 -99.99 0.012
-28.363013 0.860596 53700.146806 15.751 0.006 53700.148472 14.614 0.003 53700.145139 14.414 0.003 53700.145972 14.336 0.003 53700.147639 14.306 0.004
-28.363013 0.860596 53705.133474 15.608 0.007 53705.13514 14.451 0.005 53705.131807 14.282 0.005 53705.13264 14.245 0.005 53705.134307 14.217 0.007
-28.363013 0.860596 53975.21849 15.672 0.021 53975.220157 14.532 0.011 53975.216823 14.324 0.014 53975.217657 14.286 0.018 53975.219323 14.247 0.016
-28.363013 0.860596 53993.286276 15.886 0.017 53993.287942 14.761 0.01 53993.284609 14.537 0.013 53993.285442 14.441 0.014 53993.287109 14.4 0.013
-28.363013 0.860596 53996.225192 15.305 0.018 53996.226859 14.082 0.014 53996.223526 14.037 0.013 53996.224359 14.057 0.009 53996.226026 14.051 0.014
-28.363013 0.860596 53998.193825 15.683 0.016 53998.195491 14.494 0.009 53998.192158 14.333 0.012 53998.192991 14.284 0.012 53998.194658 14.239 0.014
-28.363013 0.860596 54010.179307 15.797 0.018 54010.180973 14.643 0.014 54010.17764 14.426 0.011 54010.178473 14.343 0.011 54010.18014 -99.99 0.013
-28.363013 0.860596 54012.172199 15.815 0.018 54012.173865 14.652 0.014 54012.170532 14.496 0.01 54012.171365 14.423 0.015 54012.173032 -99.99 0.012
-28.363013 0.860596 54020.178126 15.546 0.014 54020.179792 14.348 0.012 54020.176459 14.234 0.01 54020.177292 14.192 0.01 54020.178959 14.152 0.01
-28.363013 0.860596 54022.227427 15.896 0.018 54022.229093 14.8 0.015 54022.22576 14.566 0.013 54022.226593 14.45 0.012 54022.22826 14.403 0.015
-28.363013 0.860596 54028.168499 15.932 0.024 54028.170166 14.792 0.016 54028.166833 14.541 0.013 54028.167666 14.459 0.013 54028.169333 14.422 0.016
-28.363013 0.860596 54032.160971 -99.99 0.018 54032.162638 -99.99 0.011 54032.159305 -99.99 0.011 54032.160138 -99.99 0.014 54032.161805 -99.99 0.012
-28.363013 0.860596 54035.247473 -99.99 0.041 54035.24914 14.037 0.017 54035.245806 14.021 0.013 54035.24664 14.042 0.016 54035.248306 14.042 0.026
-28.363013 0.860596 54037.152952 15.499 0.015 54037.154619 14.299 0.014 54037.151286 14.196 0.008 54037.152119 14.166 0.011 54037.153786 14.198 0.014
-28.363013 0.860596 54040.167406 15.844 0.01 54040.169073 14.737 0.011 54040.165739 14.525 0.01 54040.166573 14.439 0.012 54040.168239 14.404 0.014
-28.363013 0.860596 54050.152045 15.78 0.024 54050.153712 14.638 0.015 54050.150379 14.438 0.012 54050.151212 14.37 0.013 54050.152879 14.342 0.013
-28.363013 0.860596 54053.158205 15.215 0.029 54053.159872 14.045 0.018 54053.156538 14.01 0.01 54053.157372 14.041 0.01 54053.159038 14.029 0.016
-28.363013 0.860596 54056.159878 15.886 0.047 54056.161545 14.778 0.027 54056.158211 14.491 0.058 54056.159045 14.444 0.02 54056.160711 14.378 0.015
-28.363013 0.860596 54057.128522 15.967 0.018 54057.130189 14.775 0.015 54057.126856 14.527 0.009 54057.127689 14.477 0.016 54057.129356 14.432 0.012
-28.363013 0.860596 54059.15415 15.296 0.019 54059.155817 14.089 0.015 54059.152483 14.035 0.012 54059.153317 14.089 0.015 54059.154983 14.055 0.015
-28.363013 0.860596 54061.165237 15.737 0.023 54061.166904 14.608 0.022 54061.163571 14.423 0.014 54061.164404 14.345 0.016 54061.166071 14.324 0.021
-28.363013 0.860596 54062.159049 15.912 0.023 54062.160716 14.768 0.019 54062.157382 14.553 0.017 54062.158216 14.423 0.013 54062.159882 14.433 0.013
-28.363013 0.860596 54068.149059 15.886 0.008 54068.150725 14.756 0.017 54068.147392 14.549 0.017 54068.148225 14.432 0.039 54068.149892 14.387 0.03
-28.363013 0.860596 54357.197354 15.214 0.016 54357.199021 14.008 0.014 54357.195687 14 0.017 54357.196521 14.033 0.016 54357.198187 14.053 0.02
-28.363013 0.860596 54365.195207 15.709 0.024 54365.196873 14.6 0.011 54365.19354 14.4 0.013 54365.194373 14.335 0.023 54365.19604 14.259 0.02
-28.363013 0.860596 54385.24517 15.275 0.019 54385.246836 14.054 0.013 54385.243503 14.033 0.016 54385.244336 14.091 0.015 54385.246003 14.061 0.019
-28.363013 0.860596 54387.245673 15.741 0.016 54387.247339 14.59 0.014 54387.244006 14.379 0.011 54387.244839 14.323 0.01 54387.246506 14.278 0.013
-28.363013 0.860596 54392.240399 15.6 0.027 54392.242066 14.449 0.015 54392.238732 14.28 0.012 54392.239566 14.256 0.015 54392.241232 14.234 0.021
-28.363013 0.860596 54402.238889 15.202 0.02 54402.240556 14.093 0.018 54402.237222 14.01 0.021 54402.238056 14.035 0.013 54402.239722 14.072 0.017
