-25.222565 -0.055777 51464.217885 19.911 0.037 51464.219551 18.516 0.008 51464.216218 18.356 0.008 51464.217051 18.308 0.009 51464.218718 18.277 0.028
-25.222565 -0.055777 52197.243606 20.468 0.062 52197.245272 19.167 0.011 52197.241939 18.776 0.01 52197.242772 18.636 0.011 52197.244439 18.517 0.033
-25.222565 -0.055777 52231.129588 20.54 0.058 52231.131254 19.202 0.011 52231.127921 18.847 0.01 52231.128754 18.692 0.012 52231.130421 18.627 0.033
-25.222565 -0.055777 52557.237592 20.293 0.058 52557.239258 19.012 0.01 52557.235925 18.672 0.01 52557.236758 18.553 0.012 52557.238425 18.475 0.034
-25.222565 -0.055777 52578.13367 20.04 0.04 52578.135336 18.723 0.008 52578.132003 18.473 0.009 52578.132836 18.4 0.01 52578.134503 18.319 0.027
-25.222565 -0.055777 52929.163898 19.572 0.035 52929.165564 18.214 0.007 52929.162231 18.152 0.008 52929.163064 18.175 0.009 52929.164731 18.174 0.025
-25.222565 -0.055777 52934.144054 20.632 0.077 52934.14572 19.334 0.012 52934.142387 18.977 0.012 52934.14322 18.832 0.014 52934.144887 18.736 0.042
-25.222565 -0.055777 52936.139981 19.393 0.026 52936.141647 18.089 0.006 52936.138314 18.058 0.008 52936.139147 18.098 0.009 52936.140814 18.081 0.021
-25.222565 -0.055777 53270.20404 19.843 0.042 53270.205706 18.605 0.015 53270.202373 18.379 0.016 53270.203206 18.321 0.016 53270.204873 18.272 0.024
-25.222565 -0.055777 53272.253989 20.206 0.115 53272.255655 19.029 0.019 53272.252322 18.715 0.014 53272.253155 18.573 0.015 53272.254822 18.543 0.043
-25.222565 -0.055777 53286.222706 20.237 0.064 53286.224372 18.966 0.01 53286.221039 18.634 0.01 53286.221872 18.503 0.011 53286.223539 18.395 0.029
-25.222565 -0.055777 53288.181194 20.305 0.064 53288.18286 19.129 0.011 53288.179527 18.723 0.01 53288.18036 18.599 0.011 53288.182027 18.478 0.032
-25.222565 -0.055777 53294.208511 20.632 0.095 53294.210178 19.227 0.021 53294.206844 18.891 0.03 53294.207678 18.755 0.023 53294.209344 18.77 0.057
-25.222565 -0.055777 53302.176864 20.281 0.115 53302.17853 19.102 0.021 53302.175197 18.75 0.014 53302.17603 18.595 0.015 53302.177697 18.439 0.035
-25.222565 -0.055777 53312.132447 19.706 0.041 53312.134114 18.314 0.014 53312.13078 18.22 0.019 53312.131614 18.229 0.02 53312.13328 18.189 0.036
-25.222565 -0.055777 53314.133591 19.99 0.044 53314.135257 18.719 0.008 53314.131924 18.454 0.009 53314.132757 18.391 0.011 53314.134424 18.313 0.03
-25.222565 -0.055777 53616.237962 19.757 0.054 53616.239628 18.498 0.008 53616.236295 -99.99 0.017 53616.237128 -99.99 0.012 53616.238795 18.182 0.037
-25.222565 -0.055777 53623.228172 19.757 0.042 53623.229838 18.486 0.008 53623.226505 18.319 0.008 53623.227338 18.291 0.01 53623.229005 18.242 0.027
-25.222565 -0.055777 53626.214384 20.59 0.116 53626.21605 19.306 0.019 53626.212717 18.923 0.014 53626.21355 18.797 0.017 53626.215217 18.716 0.046
-25.222565 -0.055777 53628.199251 19.723 0.098 53628.200917 18.589 0.017 53628.197584 18.435 0.013 53628.198417 18.44 0.015 53628.200084 18.275 0.039
-25.222565 -0.055777 53637.200864 19.707 0.045 53637.20253 18.397 0.008 53637.199197 18.262 0.008 53637.20003 18.247 0.011 53637.201697 18.173 0.035
-25.222565 -0.055777 53644.193317 19.658 0.032 53644.194984 18.348 0.013 53644.19165 18.244 0.014 53644.192484 18.21 0.015 53644.19415 18.199 0.029
-25.222565 -0.055777 53654.227935 20.611 0.08 53654.229601 19.393 0.015 53654.226268 18.973 0.013 53654.227101 18.841 0.015 53654.228768 18.646 0.038
-25.222565 -0.055777 53656.175526 20.218 0.158 53656.177192 19.015 0.023 53656.173859 18.787 0.02 53656.174692 18.617 0.019 53656.176359 18.477 0.049
-25.222565 -0.055777 53663.188835 19.722 0.051 53663.190501 18.571 0.01 53663.187168 18.431 0.01 53663.188001 18.385 0.01 53663.189668 18.252 0.024
-25.222565 -0.055777 53668.178438 20.58 0.082 53668.180104 19.27 0.013 53668.176771 18.894 0.012 53668.177604 18.742 0.015 53668.179271 18.619 0.052
-25.222565 -0.055777 53670.18329 19.804 0.047 53670.184956 18.623 0.008 53670.181623 18.5 0.009 53670.182456 18.424 0.011 53670.184123 18.341 0.031
-25.222565 -0.055777 53673.151271 20.531 0.068 53673.152937 19.226 0.011 53673.149604 18.854 0.011 53673.150437 18.709 0.013 53673.152104 18.65 0.039
-25.222565 -0.055777 53675.148159 20.53 0.068 53675.149825 19.194 0.011 53675.146492 18.841 0.011 53675.147325 18.704 0.012 53675.148992 18.713 0.04
-25.222565 -0.055777 53677.169192 20.284 0.051 53677.170858 19.022 0.01 53677.167525 18.802 0.01 53677.168358 18.672 0.012 53677.170025 18.592 0.028
-25.222565 -0.055777 53680.155857 20.468 0.067 53680.157523 19.22 0.011 53680.15419 18.836 0.011 53680.155023 18.693 0.013 53680.15669 18.584 0.033
-25.222565 -0.055777 53686.22256 19.517 0.156 53686.224226 18.557 0.024 53686.220893 18.356 0.02 53686.221726 18.328 0.02 53686.223393 -99.99 0.051
-25.222565 -0.055777 53693.15776 19.531 0.057 53693.159426 18.234 0.01 53693.156093 18.158 0.009 53693.156926 18.186 0.01 53693.158593 18.082 0.024
-25.222565 -0.055777 53702.153427 19.994 0.075 53702.155094 18.645 0.018 53702.151761 18.444 0.018 53702.152594 18.365 0.018 53702.154261 18.257 0.055
-25.222565 -0.055777 53704.141086 20.127 0.055 53704.142752 18.92 0.01 53704.139419 18.6 0.01 53704.140252 18.482 0.012 53704.141919 18.466 0.034
-25.222565 -0.055777 53989.237157 20.728 0.117 53989.238824 19.19 0.02 53989.23549 18.792 0.018 53989.236324 18.649 0.019 53989.23799 18.572 0.031
-25.222565 -0.055777 53995.226384 20.326 0.045 53995.228051 19.105 0.017 53995.224718 18.841 0.015 53995.225551 18.709 0.016 53995.227218 18.634 0.029
-25.222565 -0.055777 54000.212601 20.439 0.066 54000.214267 19.211 0.02 54000.210934 18.839 0.015 54000.211767 18.715 0.018 54000.213434 18.688 0.037
-25.222565 -0.055777 54007.189374 20.397 0.057 54007.19104 19.225 0.016 54007.187707 18.845 0.017 54007.18854 18.731 0.017 54007.190207 18.674 0.035
-25.222565 -0.055777 54007.262722 20.504 0.06 54007.264388 19.361 0.016 54007.261055 18.957 0.017 54007.261888 18.803 0.015 54007.263555 18.736 0.032
-25.222565 -0.055777 54009.186484 20.643 0.077 54009.18815 19.386 0.015 54009.184817 18.965 0.016 54009.18565 18.839 0.018 54009.187317 18.766 0.037
-25.222565 -0.055777 54011.250976 19.746 0.049 54011.252642 18.446 0.014 54011.249309 18.267 0.011 54011.250142 18.244 0.012 54011.251809 18.042 0.025
-25.222565 -0.055777 54019.201168 20.581 0.076 54019.202834 19.257 0.019 54019.199501 18.838 0.013 54019.200334 18.701 0.014 54019.202001 18.598 0.027
-25.222565 -0.055777 54025.249971 19.93 0.052 54025.251638 18.425 0.015 54025.248305 18.284 0.014 54025.249138 18.235 0.019 54025.250805 18.256 0.033
-25.222565 -0.055777 54029.180317 20.13 0.047 54029.181984 18.864 0.013 54029.17865 18.569 0.011 54029.179484 18.434 0.017 54029.18115 18.396 0.029
-25.222565 -0.055777 54051.156884 -99.99 0.453 54051.158551 -99.99 0.58 54051.155217 18.894 0.055 54051.156051 18.87 0.073 54051.157717 -99.99 0.408
-25.222565 -0.055777 54356.258487 20.414 0.064 54356.260154 19.151 0.015 54356.256821 18.778 0.017 54356.257654 18.581 0.019 54356.259321 18.531 0.034
-25.222565 -0.055777 54358.203585 20.361 0.073 54358.205252 19.195 0.022 54358.201918 18.826 0.017 54358.202752 18.639 0.023 54358.204418 18.543 0.041
-25.222565 -0.055777 54365.236611 20.359 0.076 54365.238277 19.246 0.02 54365.234944 18.834 0.017 54365.235777 18.698 0.018 54365.237444 18.56 0.033
-25.222565 -0.055777 54373.310804 20.051 0.134 54373.31247 18.886 0.024 54373.309137 18.558 0.016 54373.30997 18.437 0.016 54373.311637 18.385 0.035
-25.222565 -0.055777 54382.245748 20.119 0.067 54382.247415 18.898 0.022 54382.244082 18.608 0.016 54382.244915 18.436 0.018 54382.246582 18.503 0.046
-25.222565 -0.055777 54386.248493 20.395 0.06 54386.250159 19.215 0.017 54386.246826 18.842 0.021 54386.247659 18.701 0.022 54386.249326 18.619 0.038
-25.222565 -0.055777 54388.252783 20.464 0.083 54388.25445 19.215 0.02 54388.251116 18.833 0.017 54388.25195 18.716 0.017 54388.253616 18.664 0.043
-25.222565 -0.055777 54403.166558 20.003 0.05 54403.168225 18.678 0.016 54403.164892 18.423 0.012 54403.165725 18.372 0.012 54403.167392 18.358 0.031
-25.222565 -0.055777 54406.160389 20.513 0.06 54406.162055 19.236 0.015 54406.158722 18.874 0.016 54406.159555 18.803 0.019 54406.161222 18.671 0.04
-25.222565 -0.055777 54412.163318 20.308 0.063 54412.164985 18.951 0.025 54412.161652 18.637 0.013 54412.162485 18.498 0.017 54412.164152 18.387 0.037
