-25.517036 -1.118598 51467.308037 18.084 0.018 51467.309703 16.745 0.004 51467.30637 16.628 0.004 51467.307203 16.626 0.005 51467.30887 16.601 0.011
-25.517036 -1.118598 51819.284038 18.696 0.02 51819.285704 17.426 0.005 51819.282371 17.164 0.005 51819.283204 17.023 0.006 51819.284871 16.961 0.012
-25.517036 -1.118598 52172.299603 18.722 0.02 52172.301269 17.466 0.005 52172.297936 17.093 0.005 52172.298769 16.945 0.006 52172.300436 16.853 0.011
-25.517036 -1.118598 52172.349774 18.824 0.023 52172.35144 17.528 0.006 52172.348107 17.147 0.006 52172.34894 16.981 0.006 52172.350607 16.911 0.012
-25.517036 -1.118598 52558.249306 18.283 0.014 52558.250972 17.082 0.005 52558.247639 16.926 0.005 52558.248472 16.831 0.006 52558.250139 16.809 0.01
-25.517036 -1.118598 52577.1368 18.593 0.017 52577.138466 17.263 0.005 52577.135133 16.956 0.004 52577.135966 16.829 0.005 52577.137633 16.779 0.011
-25.517036 -1.118598 52586.140278 18.874 0.019 52586.141944 17.602 0.005 52586.138611 17.239 0.005 52586.139444 17.088 0.006 52586.141111 17.027 0.012
-25.517036 -1.118598 52931.150961 18.712 0.018 52931.152627 17.463 0.005 52931.149294 17.088 0.005 52931.150127 16.938 0.006 52931.151794 16.874 0.01
-25.517036 -1.118598 52935.147925 18.983 0.021 52935.149591 17.68 0.005 52935.146258 17.331 0.005 52935.147091 17.174 0.006 52935.148758 17.097 0.012
-25.517036 -1.118598 53313.141126 18.818 0.023 53313.142792 17.535 0.005 53313.139459 17.157 0.005 53313.140292 16.995 0.005 53313.141959 16.937 0.013
-25.517036 -1.118598 53622.250369 18.767 0.024 53622.252035 17.498 0.005 53622.248702 17.126 0.005 53622.249535 16.976 0.005 53622.251202 16.928 0.013
-25.517036 -1.118598 53625.246334 18.603 0.018 53625.248 17.318 0.006 53625.244667 16.995 0.005 53625.2455 16.866 0.006 53625.247167 16.802 0.01
-25.517036 -1.118598 53634.199839 19 0.07 53634.201505 17.56 0.009 53634.198172 17.199 0.006 53634.199005 17.059 0.007 53634.200672 16.994 0.016
-25.517036 -1.118598 53636.205372 18.277 0.017 53636.207038 17.025 0.005 53636.203705 16.857 0.005 53636.204538 16.797 0.006 53636.206205 16.779 0.011
-25.517036 -1.118598 53655.177377 18.742 0.035 53655.179043 17.443 0.006 53655.17571 17.08 0.005 53655.176543 16.941 0.006 53655.17821 16.859 0.012
-25.517036 -1.118598 53664.202336 18.183 0.022 53664.204002 16.948 0.005 53664.200669 16.822 0.005 53664.201502 16.758 0.005 53664.203169 16.731 0.011
-25.517036 -1.118598 53666.165938 18.233 0.014 53666.167604 16.894 0.004 53666.164271 16.731 0.005 53666.165104 16.678 0.006 53666.166771 16.647 0.01
-25.517036 -1.118598 53669.161576 18.347 0.015 53669.163242 17.142 0.005 53669.159909 16.979 0.005 53669.160742 16.867 0.006 53669.162409 16.828 0.01
-25.517036 -1.118598 53671.246365 -99.99 0.033 53671.248031 -99.99 0.006 53671.244698 16.93 0.005 53671.245531 -99.99 0.006 53671.247198 16.763 0.014
-25.517036 -1.118598 53674.145811 18.225 0.014 53674.147477 17.019 0.004 53674.144144 16.85 0.005 53674.144977 16.79 0.005 53674.146644 16.766 0.01
-25.517036 -1.118598 53676.235306 18.54 0.018 53676.236972 17.277 0.005 53676.233639 16.963 0.006 53676.234472 16.833 0.006 53676.236139 16.774 0.01
-25.517036 -1.118598 53679.20719 18.141 0.016 53679.208856 16.795 0.004 53679.205523 16.67 0.004 53679.206356 16.647 0.005 53679.208023 16.631 0.01
-25.517036 -1.118598 53681.198702 18.541 0.02 53681.200368 17.236 0.005 53681.197035 16.937 0.005 53681.197868 16.832 0.006 53681.199535 16.762 0.01
-25.517036 -1.118598 53685.157747 18.768 0.036 53685.159413 17.585 0.009 53685.15608 17.193 0.007 53685.156913 17.045 0.007 53685.15858 16.968 0.012
-25.517036 -1.118598 53687.196093 18.479 0.037 53687.197759 17.295 0.007 53687.194426 17.078 0.006 53687.195259 16.955 0.006 53687.196926 16.901 0.011
-25.517036 -1.118598 53694.171635 18.239 0.031 53694.173301 16.967 0.006 53694.169968 16.759 0.006 53694.170801 16.695 0.006 53694.172468 -99.99 0.015
-25.517036 -1.118598 53697.155725 18.279 0.038 53697.157391 17.11 0.006 53697.154058 -99.99 0.021 53697.154891 -99.99 0.013 53697.156558 16.819 0.019
-25.517036 -1.118598 53700.154685 18.86 0.023 53700.156351 17.578 0.005 53700.153018 17.21 0.005 53700.153851 17.064 0.006 53700.155518 16.998 0.012
-25.517036 -1.118598 53705.141355 18.876 0.024 53705.143021 17.608 0.005 53705.139688 17.24 0.005 53705.140521 17.085 0.005 53705.142188 17.052 0.012
-25.517036 -1.118598 53975.226363 18.05 0.016 53975.22803 16.728 0.011 53975.224697 16.665 0.02 53975.22553 16.604 0.025 53975.227197 16.604 0.016
-25.517036 -1.118598 53993.294179 18.056 0.015 53993.295846 16.758 0.016 53993.292513 16.617 0.018 53993.293346 16.606 0.025 53993.295013 16.596 0.019
-25.517036 -1.118598 53996.233092 18.929 0.021 53996.234758 17.601 0.019 53996.231425 17.212 0.012 53996.232258 17.075 0.011 53996.233925 16.996 0.016
-25.517036 -1.118598 53998.201723 18.375 0.02 53998.20339 17.173 0.019 53998.200056 16.988 0.012 53998.20089 16.879 0.011 53998.202556 16.848 0.015
-25.517036 -1.118598 54010.187214 -99.99 0.017 54010.188881 17.105 0.021 54010.185548 16.853 0.017 54010.186381 16.757 0.017 54010.188048 16.7 0.017
-25.517036 -1.118598 54012.180047 18.733 0.03 54012.181714 17.424 0.022 54012.17838 17.051 0.018 54012.179214 16.888 0.014 54012.18088 16.844 0.017
-25.517036 -1.118598 54020.186046 18.519 0.017 54020.187712 17.224 0.017 54020.184379 16.918 0.012 54020.185212 16.812 0.018 54020.186879 16.776 0.02
-25.517036 -1.118598 54022.235295 18.737 0.018 54022.236962 17.565 0.019 54022.233629 17.136 0.016 54022.234462 16.983 0.016 54022.236129 16.936 0.018
-25.517036 -1.118598 54028.176378 18.202 0.022 54028.178045 16.892 0.017 54028.174711 16.736 0.015 54028.175545 16.708 0.018 54028.177211 16.663 0.015
-25.517036 -1.118598 54030.179567 18.576 0.019 54030.181233 17.33 0.018 54030.1779 16.988 0.01 54030.178733 16.854 0.016 54030.1804 16.815 0.013
-25.517036 -1.118598 54035.255346 18.799 0.034 54035.257013 17.475 0.022 54035.253679 17.138 0.031 54035.254513 16.957 0.017 54035.256179 16.905 0.031
-25.517036 -1.118598 54037.160819 18.787 0.021 54037.162486 17.549 0.014 54037.159153 17.157 0.011 54037.159986 16.994 0.017 54037.161653 16.933 0.017
-25.517036 -1.118598 54040.175333 18.705 0.03 54040.177 17.412 0.014 54040.173666 17.045 0.011 54040.1745 16.892 0.014 54040.176166 16.82 0.015
-25.517036 -1.118598 54050.159946 18.71 0.048 54050.161613 17.455 0.02 54050.15828 17.081 0.013 54050.159113 16.928 0.011 54050.16078 16.84 0.029
-25.517036 -1.118598 54053.166096 18.532 0.021 54053.167763 17.247 0.016 54053.16443 16.939 0.014 54053.165263 16.82 0.013 54053.16693 16.778 0.016
-25.517036 -1.118598 54056.167767 18.252 0.096 54056.169434 16.897 0.013 54056.166101 16.689 0.029 54056.166934 16.675 0.021 54056.168601 16.631 0.025
-25.517036 -1.118598 54057.136422 18.796 0.022 54057.138089 17.574 0.02 54057.134755 17.18 0.016 54057.135589 17.043 0.015 54057.137255 16.956 0.017
-25.517036 -1.118598 54059.162041 18.506 0.02 54059.163708 17.25 0.015 54059.160374 17.039 0.012 54059.161208 16.932 0.012 54059.162874 16.887 0.018
-25.517036 -1.118598 54061.173089 18.299 0.016 54061.174755 17.016 0.028 54061.171422 16.789 0.021 54061.172255 16.723 0.023 54061.173922 16.689 0.025
-25.517036 -1.118598 54062.166929 18.813 0.025 54062.168595 17.58 0.025 54062.165262 17.239 0.017 54062.166095 17.051 0.018 54062.167762 17.011 0.019
-25.517036 -1.118598 54068.156903 18.691 0.068 54068.15857 17.386 0.022 54068.155237 17.031 0.012 54068.15607 16.889 0.011 54068.157737 16.828 0.021
-25.517036 -1.118598 54357.205233 18.161 0.028 54357.2069 16.864 0.026 54357.203566 16.682 0.015 54357.2044 16.681 0.018 54357.206066 16.65 0.032
-25.517036 -1.118598 54365.203084 18.262 0.02 54365.204751 17.02 0.016 54365.201418 16.871 0.02 54365.202251 16.798 0.017 54365.203918 16.769 0.023
-25.517036 -1.118598 54376.263723 18.825 0.031 54376.26539 17.562 0.015 54376.262056 17.18 0.015 54376.26289 17.058 0.015 54376.264556 16.968 0.017
-25.517036 -1.118598 54385.253061 18.326 0.025 54385.254728 17.085 0.018 54385.251394 16.811 0.015 54385.252228 16.742 0.016 54385.253894 16.696 0.018
-25.517036 -1.118598 54387.253575 18.7 0.024 54387.255242 17.401 0.012 54387.251909 17.053 0.014 54387.252742 16.901 0.015 54387.254409 16.826 0.016
-25.517036 -1.118598 54392.248304 18.737 0.026 54392.24997 17.443 0.016 54392.246637 17.067 0.014 54392.24747 16.919 0.014 54392.249137 16.871 0.02
-25.517036 -1.118598 54402.246738 18.712 0.05 54402.248404 17.51 0.019 54402.245071 17.087 0.014 54402.245904 16.986 0.021 54402.247571 16.926 0.018
