30.529045 -0.592838 51075.384423 21.334 0.124 51075.386089 20.314 0.023 51075.382756 20.271 0.028 51075.383589 20.389 0.047 51075.385256 20.071 0.146
30.529045 -0.592838 51818.354151 23.026 0.504 51818.355817 21.153 0.036 51818.352484 21.035 0.05 51818.353317 20.787 0.049 51818.354984 20.503 0.139
30.529045 -0.592838 52170.405116 22.567 0.382 52170.406782 21.026 0.039 52170.403449 20.711 0.036 52170.404282 20.6 0.043 52170.405949 21.175 0.29
30.529045 -0.592838 52173.318474 22.231 0.417 52173.32014 20.929 0.043 52173.316807 20.675 0.049 52173.31764 20.454 0.06 52173.319307 20.68 0.278
30.529045 -0.592838 52207.370412 21.742 0.202 52207.372078 20.836 0.031 52207.368745 20.632 0.035 52207.369578 20.569 0.042 52207.371245 20.315 0.138
30.529045 -0.592838 52224.298577 22.2 0.302 52224.300243 21.181 0.04 52224.29691 20.86 0.038 52224.297743 20.715 0.044 52224.29941 20.617 0.162
30.529045 -0.592838 52231.284004 22.088 0.248 52231.28567 20.824 0.029 52231.282337 20.564 0.031 52231.28317 20.474 0.036 52231.284837 20.504 0.145
30.529045 -0.592838 52234.255094 21.831 0.209 52234.25676 20.824 0.031 52234.253427 20.59 0.033 52234.25426 20.537 0.037 52234.255927 20.37 0.124
30.529045 -0.592838 52261.218448 22.336 0.322 52261.220114 20.925 0.034 52261.216781 20.652 0.035 52261.217614 20.569 0.04 52261.219281 20.483 0.142
30.529045 -0.592838 52287.098941 22.256 0.284 52287.100607 21.041 0.038 52287.097274 20.767 0.04 52287.098107 20.716 0.046 52287.099774 20.133 0.115
30.529045 -0.592838 52552.417643 23.03 0.735 52552.419309 21.028 0.042 52552.415976 20.696 0.041 52552.416809 20.507 0.05 52552.418476 20.647 0.24
30.529045 -0.592838 52557.392001 22.305 0.329 52557.393667 21.144 0.04 52557.390334 20.828 0.042 52557.391167 20.672 0.049 52557.392834 20.702 0.215
30.529045 -0.592838 52908.366568 22.153 0.295 52908.368234 21.052 0.038 52908.364901 20.771 0.04 52908.365734 20.704 0.052 52908.367401 20.952 0.263
30.529045 -0.592838 52912.346006 22.155 0.411 52912.347672 20.951 0.043 52912.344339 20.707 0.042 52912.345172 20.547 0.046 52912.346839 20.669 0.207
30.529045 -0.592838 52934.298471 21.644 0.214 52934.300137 20.494 0.026 52934.296804 20.395 0.035 52934.297637 20.389 0.046 52934.299304 20.269 0.154
30.529045 -0.592838 52936.294398 22.503 0.323 52936.296064 21.045 0.033 52936.292731 20.699 0.034 52936.293564 20.726 0.045 52936.295231 20.557 0.16
30.529045 -0.592838 53270.358456 21.888 0.224 53270.360123 20.569 0.029 53270.356789 20.528 0.041 53270.357623 20.48 0.041 53270.359289 20.586 0.146
30.529045 -0.592838 53272.408399 22.617 0.564 53272.410065 21.165 0.042 53272.406732 20.791 0.045 53272.407565 20.767 0.062 53272.409232 20.605 0.19
30.529045 -0.592838 53286.377118 21.82 0.261 53286.378784 20.643 0.032 53286.375451 20.485 0.033 53286.376284 20.509 0.04 53286.377951 20.387 0.134
30.529045 -0.592838 53288.335608 22.185 0.254 53288.337274 20.722 0.026 53288.333941 20.512 0.029 53288.334774 20.447 0.034 53288.336441 20.227 0.114
30.529045 -0.592838 53294.383284 22.255 0.365 53294.38495 20.876 0.036 53294.381617 20.678 0.04 53294.38245 20.583 0.045 53294.384117 20.495 0.165
30.529045 -0.592838 53296.330286 22.237 0.349 53296.331953 21.202 0.048 53296.328619 20.92 0.076 53296.329453 20.714 0.078 53296.331119 20.479 0.187
30.529045 -0.592838 53298.380061 21.456 0.202 53298.381727 20.234 0.024 53298.378394 20.161 0.034 53298.379227 20.292 0.049 53298.380894 19.978 0.143
30.529045 -0.592838 53302.331278 22.085 0.463 53302.332944 21.239 0.095 53302.329611 20.884 0.079 53302.330444 20.748 0.063 53302.332111 20.516 0.152
30.529045 -0.592838 53312.286857 22.184 0.484 53312.288523 20.784 0.06 53312.28519 20.615 0.057 53312.286023 20.783 0.076 53312.28769 20.489 0.209
30.529045 -0.592838 53314.288008 22.795 0.591 53314.289674 21.128 0.06 53314.286341 20.904 0.056 53314.287174 20.797 0.065 53314.288841 21.147 0.354
30.529045 -0.592838 53616.392364 22.565 0.599 53616.39403 21.221 0.054 53616.390697 20.983 0.06 53616.39153 20.703 0.062 53616.393197 20.859 0.292
30.529045 -0.592838 53626.368791 23.263 0.981 53626.370457 -99.99 0.107 53626.367124 20.902 0.078 53626.367957 20.626 0.056 53626.369624 20.574 0.19
30.529045 -0.592838 53628.353655 22.427 0.737 53628.355321 21.01 0.09 53628.351988 20.902 0.085 53628.352821 20.857 0.087 53628.354488 20.523 0.201
30.529045 -0.592838 53637.355274 22.205 0.578 53637.35694 20.627 0.059 53637.353607 20.556 0.051 53637.35444 20.476 0.057 53637.356107 20.595 0.227
30.529045 -0.592838 53639.40065 21.772 0.221 53639.402316 20.977 0.04 53639.398983 20.689 0.036 53639.399816 20.527 0.037 53639.401483 20.733 0.158
30.529045 -0.592838 53641.399817 21.655 0.197 53641.401483 21.018 0.041 53641.39815 20.765 0.037 53641.398983 20.765 0.047 53641.40065 20.624 0.149
30.529045 -0.592838 53657.3587 22.74 1.426 53657.360366 21.029 0.137 53657.357033 20.586 0.084 53657.357866 20.471 0.083 53657.359533 20.327 0.232
30.529045 -0.592838 53663.343248 22.166 0.613 53663.344914 20.988 0.09 53663.341581 20.785 0.061 53663.342414 20.69 0.06 53663.344081 20.594 0.181
30.529045 -0.592838 53666.41334 21.714 0.392 53666.415006 21.184 0.083 53666.411673 20.825 0.058 53666.412506 20.837 0.063 53666.414173 20.434 0.157
30.529045 -0.592838 53668.33285 22.668 0.717 53668.334516 -99.99 0.055 53668.331183 20.908 0.06 53668.332016 20.69 0.065 53668.333683 20.558 0.209
30.529045 -0.592838 53669.420471 22.793 1.142 53669.422137 21.255 0.084 53669.418804 20.827 0.065 53669.419637 20.646 0.066 53669.421304 20.861 0.293
30.529045 -0.592838 53670.337702 21.794 0.271 53670.339368 20.537 0.029 53670.336035 20.411 0.037 53670.336868 20.481 0.049 53670.338535 20.242 0.137
30.529045 -0.592838 53673.305688 21.556 0.152 53673.307354 20.446 0.022 53673.304021 20.341 0.027 53673.304854 20.362 0.031 53673.306521 20.247 0.1
30.529045 -0.592838 53675.302576 22.362 0.343 53675.304242 21.032 0.035 53675.300909 20.83 0.043 53675.301742 20.658 0.048 53675.303409 20.511 0.158
30.529045 -0.592838 53677.323606 21.931 0.219 53677.325272 21.237 0.038 53677.321939 20.84 0.037 53677.322772 20.879 0.046 53677.324439 20.62 0.128
30.529045 -0.592838 53680.310274 22.484 0.376 53680.31194 21.264 0.044 53680.308607 20.778 0.041 53680.30944 20.75 0.046 53680.311107 20.403 0.132
30.529045 -0.592838 53693.312166 22.977 2.07 53693.313832 20.99 0.132 53693.310499 20.493 0.074 53693.311332 20.493 0.077 53693.312999 21.418 0.521
30.529045 -0.592838 53698.309555 21.693 0.245 53698.311221 21.021 0.048 53698.307888 20.832 0.062 53698.308721 20.715 0.065 53698.310388 20.865 0.232
30.529045 -0.592838 53704.295487 21.918 0.299 53704.297153 20.85 0.036 53704.29382 20.79 0.048 53704.294653 20.777 0.065 53704.29632 20.747 0.247
30.529045 -0.592838 53989.391553 22.514 0.88 53989.39322 20.989 0.091 53989.389886 20.818 0.071 53989.39072 20.496 0.058 53989.392386 20.766 0.174
30.529045 -0.592838 53995.43027 22.378 0.288 53995.431937 21.226 0.039 53995.428604 20.979 0.039 53995.429437 20.76 0.037 53995.431104 20.61 0.129
30.529045 -0.592838 54000.367008 21.657 0.22 54000.368674 20.444 0.034 54000.365341 20.365 0.038 54000.366174 20.353 0.049 54000.367841 20.168 0.126
30.529045 -0.592838 54007.417129 22.483 0.409 54007.418795 21.174 0.038 54007.415462 20.91 0.043 54007.416295 20.844 0.056 54007.417962 20.64 0.144
30.529045 -0.592838 54009.340926 21.55 0.139 54009.342592 20.514 0.029 54009.339259 20.432 0.03 54009.340092 20.391 0.034 54009.341759 20.389 0.104
30.529045 -0.592838 54011.40538 22.402 0.255 54011.407047 21.201 0.033 54011.403714 20.843 0.033 54011.404547 20.697 0.034 54011.406214 20.508 0.109
30.529045 -0.592838 54025.404386 21.536 0.209 54025.406053 20.439 0.031 54025.402719 20.371 0.034 54025.403553 20.5 0.045 54025.405219 20.456 0.173
30.529045 -0.592838 54029.33474 22.087 0.232 54029.336407 21.11 0.038 54029.333073 20.837 0.039 54029.333907 20.631 0.044 54029.335573 20.431 0.149
30.529045 -0.592838 54346.398231 22.616 0.835 54346.399898 21.436 0.119 54346.396565 20.937 0.076 54346.397398 20.792 0.068 54346.399065 20.69 0.18
30.529045 -0.592838 54348.402143 21.919 0.287 54348.40381 20.612 0.034 54348.400477 20.465 0.033 54348.40131 20.472 0.043 54348.402977 20.84 0.196
30.529045 -0.592838 54358.357939 22.314 0.397 54358.359606 -99.99 0.047 54358.356273 -99.99 0.057 54358.357106 20.999 0.07 54358.358773 20.305 0.128
30.529045 -0.592838 54365.391019 22.535 0.328 54365.392686 21.131 0.038 54365.389353 20.864 0.033 54365.390186 20.657 0.041 54365.391853 20.383 0.118
30.529045 -0.592838 54381.410619 22.5 0.404 54381.412286 21.033 0.039 54381.408953 20.692 0.04 54381.409786 20.6 0.046 54381.411453 20.496 0.135
30.529045 -0.592838 54384.417216 22.47 0.414 54384.418882 21.031 0.037 54384.415549 20.761 0.038 54384.416382 20.659 0.041 54384.418049 20.525 0.144
30.529045 -0.592838 54386.402895 22.132 0.331 54386.404562 -99.99 0.051 54386.401229 20.789 0.046 54386.402062 20.881 0.082 54386.403729 20.859 0.212
30.529045 -0.592838 54388.407162 21.549 0.198 54388.408828 20.498 0.033 54388.405495 20.414 0.032 54388.406328 20.401 0.05 54388.407995 20.437 0.146
30.529045 -0.592838 54392.404782 22.455 0.57 54392.406449 21.293 0.059 54392.403116 20.814 0.052 54392.403949 20.845 0.064 54392.405616 20.376 0.156
30.529045 -0.592838 54404.378588 22.363 0.694 54404.380254 21.152 0.11 54404.376921 20.834 0.088 54404.377754 20.778 0.072 54404.379421 20.619 0.216
30.529045 -0.592838 54405.376519 21.757 0.312 54405.378185 21.108 0.065 54405.374852 20.744 0.049 54405.375685 20.676 0.052 54405.377352 20.454 0.168
30.529045 -0.592838 54406.314777 21.625 0.182 54406.316444 20.332 0.032 54406.31311 20.262 0.051 54406.313944 20.309 0.033 54406.31561 20.239 0.097
30.529045 -0.592838 54412.340629 21.907 0.315 54412.342296 20.554 0.033 54412.338962 20.433 0.035 54412.339796 20.419 0.044 54412.341462 20.362 0.166
