-34.73259 -0.871032 51464.191527 19.309 0.024 51464.193193 18.059 0.006 51464.18986 17.744 0.006 51464.190693 17.633 0.007 51464.19236 17.578 0.017
-34.73259 -0.871032 52197.217262 18.808 0.02 52197.218928 17.571 0.005 52197.215595 17.406 0.006 52197.216428 17.359 0.006 52197.218095 17.342 0.014
-34.73259 -0.871032 52231.103247 19.112 0.022 52231.104913 17.873 0.006 52231.10158 17.551 0.006 52231.102413 17.432 0.007 52231.10408 17.37 0.014
-34.73259 -0.871032 52557.211252 19.217 0.027 52557.212918 17.978 0.006 52557.209585 17.631 0.006 52557.210418 17.506 0.007 52557.212085 17.476 0.017
-34.73259 -0.871032 52578.107328 18.845 0.019 52578.108994 17.538 0.005 52578.105661 17.35 0.005 52578.106494 17.295 0.006 52578.108161 17.308 0.013
-34.73259 -0.871032 52929.137556 19.037 0.022 52929.139222 17.779 0.006 52929.135889 17.498 0.005 52929.136722 17.393 0.006 52929.138389 17.347 0.014
-34.73259 -0.871032 52934.117711 19.064 0.025 52934.119377 17.789 0.006 52934.116044 17.502 0.005 52934.116877 17.388 0.006 52934.118544 17.367 0.014
-34.73259 -0.871032 52936.113638 19.222 0.024 52936.115304 17.95 0.006 52936.111971 17.621 0.006 52936.112804 17.486 0.007 52936.114471 17.426 0.014
-34.73259 -0.871032 53243.298847 19.041 0.029 53243.300513 17.712 0.007 53243.29718 17.457 0.006 53243.298013 17.351 0.006 53243.29968 17.299 0.013
-34.73259 -0.871032 53270.177699 19.22 0.03 53270.179366 17.927 0.016 53270.176032 17.58 0.012 53270.176866 17.468 0.011 53270.178532 17.389 0.021
-34.73259 -0.871032 53272.227647 19.218 0.043 53272.229313 18.035 0.009 53272.22598 17.682 0.007 53272.226813 17.58 0.007 53272.22848 17.556 0.016
-34.73259 -0.871032 53288.154851 19.096 0.024 53288.156517 17.808 0.006 53288.153184 17.515 0.006 53288.154017 17.414 0.006 53288.155684 17.388 0.014
-34.73259 -0.871032 53302.150522 19.274 0.045 53302.152188 18.037 0.009 53302.148855 17.73 0.007 53302.149688 17.613 0.008 53302.151355 17.575 0.017
-34.73259 -0.871032 53312.106073 19.254 0.029 53312.10774 18.048 0.013 53312.104407 17.711 0.011 53312.10524 17.628 0.012 53312.106907 17.598 0.024
-34.73259 -0.871032 53314.107248 18.708 0.018 53314.108914 17.438 0.005 53314.105581 17.282 0.005 53314.106414 17.259 0.006 53314.108081 17.252 0.015
-34.73259 -0.871032 53623.20183 19.242 0.028 53623.203496 17.998 0.007 53623.200163 17.706 0.006 53623.200996 17.699 0.007 53623.202663 17.548 0.016
-34.73259 -0.871032 53626.188042 19.322 0.037 53626.189708 17.969 0.008 53626.186375 17.655 0.007 53626.187208 17.539 0.007 53626.188875 17.473 0.015
-34.73259 -0.871032 53628.172907 19.162 0.06 53628.174573 18.041 0.012 53628.17124 17.734 0.009 53628.172073 17.618 0.009 53628.17374 17.578 0.021
-34.73259 -0.871032 53637.174522 19.019 0.028 53637.176188 17.786 0.006 53637.172855 17.494 0.006 53637.173688 17.407 0.007 53637.175355 17.331 0.018
-34.73259 -0.871032 53644.166962 19.211 0.024 53644.168629 17.955 0.019 53644.165296 17.63 0.012 53644.166129 17.524 0.012 53644.167796 17.454 0.017
-34.73259 -0.871032 53654.201592 19.263 0.038 53654.203258 17.989 0.007 53654.199925 17.681 0.007 53654.200758 17.533 0.008 53654.202425 17.49 0.019
-34.73259 -0.871032 53656.149183 19.322 0.064 53656.150849 18.04 0.012 53656.147516 17.733 0.009 53656.148349 17.622 0.009 53656.150016 17.573 0.023
-34.73259 -0.871032 53665.140461 19.067 0.033 53665.142127 17.707 0.008 53665.138794 17.467 0.008 53665.139627 17.34 0.008 53665.141294 17.315 0.02
-34.73259 -0.871032 53668.152093 18.78 0.022 53668.153759 17.512 0.005 53668.150426 17.327 0.005 53668.151259 17.288 0.007 53668.152926 17.262 0.017
-34.73259 -0.871032 53670.156946 19.064 0.023 53670.158612 17.792 0.006 53670.155279 17.505 0.006 53670.156112 17.334 0.007 53670.157779 17.335 0.015
-34.73259 -0.871032 53673.124929 18.767 0.02 53673.126595 17.485 0.005 53673.123262 17.313 0.005 53673.124095 17.28 0.006 53673.125762 17.264 0.014
-34.73259 -0.871032 53675.121817 19.024 0.022 53675.123483 17.766 0.006 53675.12015 17.481 0.006 53675.120983 17.378 0.006 53675.12265 17.305 0.014
-34.73259 -0.871032 53677.14285 19.295 0.028 53677.144516 17.968 0.006 53677.141183 17.643 0.006 53677.142016 17.482 0.006 53677.143683 17.467 0.015
-34.73259 -0.871032 53680.129515 19.106 0.024 53680.131181 17.808 0.006 53680.127848 17.519 0.006 53680.128681 17.402 0.006 53680.130348 17.355 0.014
-34.73259 -0.871032 53686.196225 18.689 0.068 53686.197891 17.503 0.012 53686.194558 17.336 0.008 53686.195391 17.271 0.009 53686.197058 17.28 0.024
-34.73259 -0.871032 53693.131419 18.945 0.037 53693.133085 17.704 0.007 53693.129752 17.439 0.006 53693.130585 17.336 0.007 53693.132252 17.315 0.014
-34.73259 -0.871032 53702.127089 19.301 0.046 53702.128755 18.013 0.012 53702.125422 17.667 0.011 53702.126255 17.549 0.017 53702.127922 17.479 0.027
-34.73259 -0.871032 53703.136217 19.101 0.033 53703.137884 17.789 0.019 53703.134551 17.497 0.013 53703.135384 17.386 0.013 53703.137051 17.385 0.023
-34.73259 -0.871032 53704.114746 19.067 0.027 53704.116412 17.818 0.006 53704.113079 17.597 0.006 53704.113912 17.51 0.007 53704.115579 17.47 0.016
-34.73259 -0.871032 53974.202709 18.726 0.025 53974.204376 17.421 0.019 53974.201043 17.305 0.011 53974.201876 17.287 0.014 53974.203543 17.223 0.02
-34.73259 -0.871032 53989.210795 18.807 0.028 53989.212462 17.527 0.02 53989.209128 17.361 0.011 53989.209962 17.304 0.016 53989.211628 17.242 0.018
-34.73259 -0.871032 53995.200047 19.299 0.029 53995.201714 18.002 0.019 53995.19838 17.713 0.015 53995.199214 17.564 0.014 53995.20088 17.548 0.022
-34.73259 -0.871032 53997.178425 18.818 0.021 53997.180092 17.597 0.022 53997.176759 17.447 0.01 53997.177592 17.366 0.011 53997.179259 17.372 0.02
-34.73259 -0.871032 54005.150267 19.271 0.028 54005.151934 18.032 0.019 54005.1486 17.707 0.016 54005.149434 17.58 0.011 54005.1511 17.481 0.017
-34.73259 -0.871032 54007.163033 18.785 0.023 54007.164699 17.486 0.02 54007.161366 17.351 0.014 54007.162199 17.328 0.011 54007.163866 17.271 0.017
-34.73259 -0.871032 54009.160134 18.919 0.025 54009.1618 17.628 0.027 54009.158467 17.412 0.013 54009.1593 17.325 0.016 54009.160967 17.264 0.023
-34.73259 -0.871032 54011.224629 19.197 0.042 54011.226296 17.966 0.021 54011.222963 17.601 0.02 54011.223796 17.527 0.024 54011.225463 17.413 0.018
-34.73259 -0.871032 54019.174826 19.041 0.028 54019.176492 17.764 0.019 54019.173159 17.463 0.012 54019.173992 17.367 0.011 54019.175659 17.325 0.017
-34.73259 -0.871032 54025.223651 18.729 0.022 54025.225318 17.431 0.02 54025.221984 17.291 0.013 54025.222818 17.257 0.011 54025.224484 17.279 0.018
-34.73259 -0.871032 54029.153969 19.059 0.025 54029.155635 17.808 0.019 54029.152302 17.488 0.01 54029.153135 17.389 0.013 54029.154802 17.324 0.02
-34.73259 -0.871032 54051.130559 19.295 0.188 54051.132226 17.993 0.057 54051.128892 17.586 0.031 54051.129726 17.518 0.035 54051.131392 -99.99 0.172
-34.73259 -0.871032 54356.232129 18.68 0.024 54356.233796 17.413 0.018 54356.230462 17.266 0.012 54356.231296 17.284 0.016 54356.232962 17.285 0.028
-34.73259 -0.871032 54358.177197 18.798 0.027 54358.178864 17.576 0.016 54358.17553 17.393 0.014 54358.176364 17.333 0.02 54358.17803 17.274 0.027
-34.73259 -0.871032 54359.121387 19.288 0.036 54359.123053 17.948 0.02 54359.11972 17.633 0.019 54359.120553 17.509 0.016 54359.12222 17.439 0.025
-34.73259 -0.871032 54373.209302 19.08 0.036 54373.210969 17.775 0.017 54373.207636 17.48 0.009 54373.208469 17.387 0.013 54373.210136 17.318 0.022
-34.73259 -0.871032 54381.221984 18.868 0.036 54381.223651 17.597 0.014 54381.220318 17.375 0.014 54381.221151 17.335 0.016 54381.222818 17.271 0.022
-34.73259 -0.871032 54382.219389 19.322 0.037 54382.221055 18.063 0.022 54382.217722 17.719 0.012 54382.218555 17.626 0.032 54382.220222 17.531 0.024
-34.73259 -0.871032 54383.225145 19.121 0.035 54383.226812 17.878 0.019 54383.223478 17.577 0.018 54383.224312 17.43 0.017 54383.225978 17.377 0.026
-34.73259 -0.871032 54386.222148 18.942 0.026 54386.223815 17.669 0.021 54386.220482 17.388 0.014 54386.221315 17.359 0.021 54386.222982 17.251 0.022
-34.73259 -0.871032 54388.226404 19.217 0.033 54388.228071 17.9 0.02 54388.224737 17.572 0.016 54388.225571 17.499 0.001 54388.227237 17.394 0.02
-34.73259 -0.871032 54403.140192 19.1 0.03 54403.141858 17.872 0.014 54403.138525 17.552 0.014 54403.139358 17.429 0.011 54403.141025 17.407 0.027
-34.73259 -0.871032 54406.134013 18.95 0.022 54406.135679 17.657 0.016 54406.132346 17.418 0.015 54406.133179 17.335 0.013 54406.134846 17.307 0.018
-34.73259 -0.871032 54412.136956 19.218 0.026 54412.138623 18.011 0.017 54412.13529 17.707 0.011 54412.136123 17.595 0.013 54412.13779 17.563 0.02
