-34.539197 1.184895 51464.192064 17.939 0.012 51464.19373 16.712 0.004 51464.190397 16.474 0.004 51464.19123 16.389 0.005 51464.192897 16.353 0.009
-34.539197 1.184895 52197.217829 18.184 0.015 52197.219495 16.959 0.004 52197.216162 16.667 0.004 52197.216995 16.557 0.005 52197.218662 16.506 0.009
-34.539197 1.184895 52231.103782 17.351 0.01 52231.105448 16.076 0.004 52231.102115 16.101 0.004 52231.102948 16.165 0.004 52231.104615 16.184 0.008
-34.539197 1.184895 52557.211787 17.595 0.012 52557.213453 16.305 0.005 52557.21012 16.211 0.005 52557.210953 16.203 0.006 52557.21262 16.172 0.009
-34.539197 1.184895 52578.107865 18.133 0.014 52578.109531 16.882 0.004 52578.106198 16.596 0.004 52578.107031 16.482 0.005 52578.108698 16.46 0.009
-34.539197 1.184895 52929.138092 18.275 0.016 52929.139758 17.079 0.006 52929.136425 16.782 0.006 52929.137258 16.664 0.007 52929.138925 16.62 0.011
-34.539197 1.184895 52934.118249 17.882 0.014 52934.119915 16.61 0.004 52934.116582 16.412 0.004 52934.117415 16.347 0.004 52934.119082 16.345 0.008
-34.539197 1.184895 52936.114175 17.476 0.012 52936.115841 16.176 0.006 52936.112508 16.114 0.006 52936.113341 16.122 0.006 52936.115008 16.126 0.009
-34.539197 1.184895 53243.299383 17.404 0.011 53243.301049 16.127 0.004 53243.297716 16.125 0.004 53243.298549 16.173 0.004 53243.300216 16.188 0.007
-34.539197 1.184895 53270.178248 18.215 0.02 53270.179915 17.014 0.011 53270.176582 16.742 0.014 53270.177415 16.636 0.01 53270.179082 16.59 0.017
-34.539197 1.184895 53272.228184 18.222 0.02 53272.22985 16.994 0.005 53272.226517 16.71 0.005 53272.22735 16.594 0.005 53272.229017 16.585 0.01
-34.539197 1.184895 53288.155391 18.048 0.016 53288.157057 16.789 0.006 53288.153724 16.537 0.007 53288.154557 16.44 0.007 53288.156224 16.414 0.01
-34.539197 1.184895 53302.151059 17.998 0.019 53302.152725 16.761 0.005 53302.149392 16.502 0.005 53302.150225 16.419 0.005 53302.151892 16.391 0.024
-34.539197 1.184895 53312.106615 18.114 0.018 53312.108282 16.926 0.012 53312.104948 16.648 0.009 53312.105782 16.524 0.01 53312.107448 16.521 0.014
-34.539197 1.184895 53314.107786 18.05 0.014 53314.109452 16.798 0.004 53314.106119 16.537 0.004 53314.106952 16.438 0.005 53314.108619 16.415 0.01
-34.539197 1.184895 53623.202369 17.702 0.013 53623.204035 16.481 0.004 53623.200702 16.416 0.004 53623.201535 16.387 0.005 53623.203202 16.362 0.008
-34.539197 1.184895 53626.188582 18.13 0.019 53626.190248 16.944 0.005 53626.186915 16.663 0.005 53626.187748 16.563 0.005 53626.189415 16.516 0.009
-34.539197 1.184895 53628.173448 18.22 0.03 53628.175114 16.973 0.006 53628.171781 16.671 0.005 53628.172614 16.536 0.005 53628.174281 16.515 0.011
-34.539197 1.184895 53637.175061 18.124 0.017 53637.176727 16.895 0.004 53637.173394 16.683 0.004 53637.174227 16.586 0.005 53637.175894 16.566 0.011
-34.539197 1.184895 53644.167505 18.017 0.015 53644.169172 16.774 0.011 53644.165838 16.52 0.01 53644.166672 16.416 0.01 53644.168338 16.382 0.014
-34.539197 1.184895 53654.202131 18.132 0.019 53654.203797 16.921 0.005 53654.200464 16.636 0.004 53654.201297 16.525 0.005 53654.202964 16.501 0.01
-34.539197 1.184895 53656.149723 18.074 0.025 53656.151389 16.875 0.005 53656.148056 16.59 0.005 53656.148889 16.457 0.005 53656.150556 16.444 0.011
-34.539197 1.184895 53665.141 18.221 0.022 53665.142666 16.987 0.006 53665.139333 16.704 0.005 53665.140166 16.615 0.006 53665.141833 16.56 0.014
-34.539197 1.184895 53668.152633 18.127 0.017 53668.154299 16.938 0.004 53668.150966 16.628 0.004 53668.151799 16.502 0.005 53668.153466 16.484 0.01
-34.539197 1.184895 53670.157485 18.073 0.015 53670.159151 16.818 0.004 53670.155818 16.507 0.014 53670.156651 16.446 0.005 53670.158318 16.385 0.009
-34.539197 1.184895 53673.125467 17.625 0.012 53673.127133 16.35 0.004 53673.1238 16.261 0.004 53673.124633 16.264 0.004 53673.1263 16.269 0.008
-34.539197 1.184895 53675.122355 17.336 0.011 53675.124021 16.059 0.006 53675.120688 16.08 0.006 53675.121521 16.129 0.006 53675.123188 16.177 0.01
-34.539197 1.184895 53677.143388 18.142 0.015 53677.145054 16.949 0.004 53677.141721 16.702 0.004 53677.142554 16.617 0.005 53677.144221 16.589 0.01
-34.539197 1.184895 53680.130052 18.134 0.016 53680.131718 16.911 0.004 53680.128385 16.628 0.004 53680.129218 16.52 0.005 53680.130885 16.472 0.009
-34.539197 1.184895 53686.19676 17.812 0.033 53686.198426 16.681 0.006 53686.195093 16.439 0.005 53686.195926 16.356 0.006 53686.197593 16.33 0.012
-34.539197 1.184895 53693.131955 18.189 0.022 53693.133621 16.964 0.005 53693.130288 16.677 0.005 53693.131121 16.563 0.005 53693.132788 16.535 0.009
-34.539197 1.184895 53702.127652 17.411 0.023 53702.129319 16.119 0.018 53702.125986 16.182 0.016 53702.126819 16.191 0.011 53702.128486 16.217 0.018
-34.539197 1.184895 53703.136758 17.958 0.021 53703.138425 16.779 0.014 53703.135091 16.624 0.009 53703.135925 16.548 0.009 53703.137591 16.542 0.016
-34.539197 1.184895 53704.115283 18.204 0.018 53704.116949 16.99 0.007 53704.113616 16.724 0.006 53704.114449 16.607 0.007 53704.116116 16.575 0.012
-34.539197 1.184895 53974.203248 17.318 0.015 53974.204914 16.049 0.016 53974.201581 16.026 0.012 53974.202414 16.058 0.013 53974.204081 16.081 0.015
-34.539197 1.184895 53989.211323 16.811 0.017 53989.21299 15.647 0.011 53989.209656 15.748 0.011 53989.21049 15.829 0.012 53989.212156 -99.99 0.013
-34.539197 1.184895 53995.200591 18.237 0.019 53995.202257 17.041 0.013 53995.198924 16.726 0.013 53995.199757 16.586 0.013 53995.201424 16.553 0.018
-34.539197 1.184895 53997.17895 18.012 0.021 53997.180617 16.781 0.014 53997.177284 16.52 0.011 53997.178117 16.421 0.011 53997.179784 16.407 0.015
-34.539197 1.184895 54005.150809 18.216 0.02 54005.152476 16.99 0.009 54005.149142 16.703 0.011 54005.149976 16.61 0.011 54005.151642 16.557 0.017
-34.539197 1.184895 54007.163556 18.236 0.02 54007.165222 17.018 0.013 54007.161889 16.715 0.009 54007.162722 16.625 0.012 54007.164389 16.572 0.016
-34.539197 1.184895 54009.160661 18.127 0.02 54009.162328 16.916 0.011 54009.158995 16.614 0.009 54009.159828 16.505 0.013 54009.161495 16.467 0.015
-34.539197 1.184895 54011.225153 18.081 0.023 54011.22682 16.878 0.015 54011.223486 16.628 0.011 54011.22432 16.479 0.011 54011.225986 16.433 0.015
-34.539197 1.184895 54019.175366 18.193 0.023 54019.177033 17.017 0.013 54019.1737 16.749 0.006 54019.174533 16.664 0.009 54019.1762 16.567 0.014
-34.539197 1.184895 54025.224174 18.115 0.018 54025.22584 16.888 0.015 54025.222507 16.586 0.009 54025.22334 16.479 0.009 54025.225007 16.439 0.014
-34.539197 1.184895 54029.154508 17.138 0.014 54029.156174 15.903 0.013 54029.152841 15.93 0.01 54029.153674 16.024 0.011 54029.155341 16.044 0.013
-34.539197 1.184895 54051.131184 18.071 0.062 54051.132851 -99.99 0.037 54051.129518 16.519 0.017 54051.130351 16.42 0.017 54051.132018 -99.99 0.098
-34.539197 1.184895 54356.232677 17.478 0.019 54356.234343 16.186 0.012 54356.23101 16.102 0.012 54356.231843 16.123 0.015 54356.23351 16.143 0.017
-34.539197 1.184895 54358.177728 -99.99 0.034 54358.179395 17.085 0.018 54358.176062 16.776 0.014 54358.176895 16.655 0.011 54358.178562 -99.99 0.02
-34.539197 1.184895 54373.209834 18.239 0.024 54373.211501 17.061 0.013 54373.208168 16.775 0.01 54373.209001 16.642 0.012 54373.210668 16.645 0.017
-34.539197 1.184895 54381.222533 17.796 0.02 54381.2242 16.583 0.023 54381.220866 16.343 0.014 54381.2217 16.286 0.011 54381.223366 16.314 0.018
-34.539197 1.184895 54382.219916 17.644 0.034 54382.221582 16.394 0.015 54382.218249 16.224 0.012 54382.219082 16.215 0.015 54382.220749 16.209 0.02
-34.539197 1.184895 54383.225667 17.425 0.027 54383.227334 16.172 0.019 54383.224001 16.103 0.014 54383.224834 16.126 0.016 54383.226501 16.12 0.028
-34.539197 1.184895 54386.222681 18.117 0.024 54386.224347 16.885 0.017 54386.221014 16.665 0.012 54386.221847 16.602 0.018 54386.223514 16.567 0.017
-34.539197 1.184895 54388.22694 18.194 0.024 54388.228607 17.004 0.014 54388.225273 16.746 0.013 54388.226107 16.646 0.009 54388.227773 16.639 0.015
-34.539197 1.184895 54403.140738 18.17 0.017 54403.142404 16.95 0.011 54403.139071 16.662 0.009 54403.139904 16.529 0.009 54403.141571 16.526 0.013
-34.539197 1.184895 54406.134566 17.836 0.026 54406.136232 16.582 0.017 54406.132899 16.374 0.009 54406.133732 16.307 0.012 54406.135399 16.28 0.016
-34.539197 1.184895 54412.137493 18.287 0.02 54412.139159 17.093 0.014 54412.135826 16.778 0.01 54412.136659 -99.99 0.014 54412.138326 -99.99 0.016
