13.858884 0.888464 51081.321926 21.316 0.16 51081.323592 20.396 0.026 51081.320259 20.387 0.037 51081.321092 20.344 0.054 51081.322759 20.608 0.236
13.858884 0.888464 51819.393078 21.7 0.229 51819.394744 20.87 0.041 51819.391411 20.665 0.046 51819.392244 20.607 0.068 51819.393911 20.385 0.184
13.858884 0.888464 52558.35836 21.966 0.228 52558.360026 21.001 0.038 52558.356693 20.72 0.038 52558.357526 20.643 0.055 52558.359193 21.16 0.28
13.858884 0.888464 52577.245864 21.831 0.198 52577.24753 21.105 0.038 52577.244197 20.908 0.044 52577.24503 20.826 0.066 52577.246697 20.721 0.221
13.858884 0.888464 52586.249341 21.913 0.197 52586.251007 20.715 0.027 52586.247674 20.553 0.036 52586.248507 20.435 0.057 52586.250174 20.546 0.242
13.858884 0.888464 52910.329822 21.466 0.139 52910.331488 20.213 0.019 52910.328155 20.385 0.029 52910.328988 20.4 0.045 52910.330655 20.329 0.137
13.858884 0.888464 52931.260026 21.659 0.173 52931.261692 21.051 0.037 52931.258359 20.833 0.046 52931.259192 20.746 0.061 52931.260859 20.724 0.221
13.858884 0.888464 52935.25699 21.507 0.174 52935.258656 20.387 0.024 52935.255323 20.375 0.034 52935.256156 20.369 0.054 52935.257823 20.777 0.277
13.858884 0.888464 52959.200319 22.052 0.204 52959.201985 21.067 0.033 52959.198652 20.785 0.036 52959.199485 20.786 0.051 52959.201152 20.767 0.171
13.858884 0.888464 52963.180062 21.501 0.113 52963.181728 20.381 0.02 52963.178395 20.35 0.025 52963.179228 20.388 0.038 52963.180895 20.317 0.122
13.858884 0.888464 53352.151129 22.118 0.292 53352.152795 20.877 0.035 53352.149462 20.679 0.045 53352.150295 20.634 0.078 53352.151962 20.91 0.306
13.858884 0.888464 53622.359428 21.6 0.232 53622.361094 21.172 0.055 53622.357761 20.852 0.057 53622.358594 20.853 0.102 53622.360261 21.037 0.413
13.858884 0.888464 53634.308897 21.452 0.43 53634.310563 20.338 0.081 53634.30723 20.507 0.06 53634.308063 20.502 0.077 53634.30973 20.64 0.235
13.858884 0.888464 53638.350234 22.918 0.68 53638.3519 21.107 0.054 53638.348567 20.874 0.052 53638.3494 20.665 0.064 53638.351067 20.928 0.284
13.858884 0.888464 53640.314269 22.797 0.56 53640.315935 21.157 0.048 53640.312602 20.828 0.051 53640.313435 20.881 0.073 53640.315102 20.913 0.259
13.858884 0.888464 53655.28644 22.84 0.725 53655.288106 21.13 0.067 53655.284773 20.891 0.066 53655.285606 20.774 0.085 53655.287273 21.213 0.425
13.858884 0.888464 53664.311396 21.648 0.411 53664.313062 20.312 0.047 53664.309729 20.385 0.057 53664.310562 20.61 0.082 53664.312229 20.529 0.229
13.858884 0.888464 53669.27064 22.167 0.222 53669.272306 21.12 0.032 53669.268973 20.846 0.038 53669.269806 20.748 0.056 53669.271473 20.923 0.216
13.858884 0.888464 53671.355403 22.354 0.449 53671.357069 21.14 0.044 53671.353736 20.918 0.06 53671.354569 20.827 0.092 53671.356236 20.845 0.265
13.858884 0.888464 53674.254876 21.882 0.282 53674.256542 20.46 0.025 53674.253209 20.398 0.033 53674.254042 20.507 0.071 53674.255709 20.493 0.179
13.858884 0.888464 53676.344347 22.048 0.281 53676.346013 20.575 0.026 53676.34268 20.492 0.039 53676.343513 20.56 0.052 53676.34518 20.378 0.152
13.858884 0.888464 53679.316242 21.385 0.217 53679.317908 20.352 0.026 53679.314575 20.423 0.043 53679.315408 20.438 0.075 53679.317075 20.918 0.354
13.858884 0.888464 53681.307755 22.248 0.481 53681.309421 21.257 0.096 53681.306088 20.859 0.058 53681.306921 20.794 0.084 53681.308588 20.589 0.398
13.858884 0.888464 53694.280684 20.958 0.486 53694.28235 21.149 0.188 53694.279017 -99.99 0.112 53694.27985 20.707 0.159 53694.281517 20.838 0.536
13.858884 0.888464 53697.264779 22.808 0.655 53697.266445 21.126 0.054 53697.263112 20.884 0.062 53697.263945 20.691 0.075 53697.265612 20.933 0.231
13.858884 0.888464 53700.263737 22.041 0.425 53700.265403 21.075 0.049 53700.26207 20.921 0.064 53700.262903 20.825 0.097 53700.26457 20.349 0.206
13.858884 0.888464 53705.250407 21.038 0.128 53705.252073 20.235 0.021 53705.24874 20.244 0.028 53705.249573 20.311 0.042 53705.25124 20.194 0.112
13.858884 0.888464 53975.33543 21.961 0.238 53975.337097 20.995 0.036 53975.333764 20.786 0.04 53975.334597 20.764 0.067 53975.336264 20.383 0.167
13.858884 0.888464 53990.348253 21.752 0.349 53990.34992 21.013 0.078 53990.346587 20.71 0.064 53990.34742 20.568 0.073 53990.349087 -99.99 0.239
13.858884 0.888464 53994.358425 21.671 0.138 53994.360091 20.415 0.025 53994.356758 20.405 0.031 53994.357591 20.432 0.042 53994.359258 20.382 0.139
13.858884 0.888464 53996.342149 21.274 0.138 53996.343816 20.014 0.04 53996.340483 20.08 0.029 53996.341316 20.125 0.042 53996.342983 20.36 0.185
13.858884 0.888464 54010.296257 21.37 0.122 54010.297924 20.115 0.025 54010.29459 20.248 0.032 54010.295424 20.289 0.039 54010.29709 20.465 0.134
13.858884 0.888464 54012.289111 21.888 0.403 54012.290778 21.182 0.088 54012.287445 20.997 0.08 54012.288278 20.972 0.097 54012.289945 20.739 0.217
13.858884 0.888464 54020.295095 21.782 0.31 54020.296762 20.837 0.05 54020.293429 20.624 0.057 54020.294262 20.654 0.078 54020.295929 20.368 0.192
13.858884 0.888464 54024.376677 21.456 0.26 54024.378343 20.561 0.042 54024.37501 20.54 0.053 54024.375843 20.48 0.076 54024.37751 20.282 0.202
13.858884 0.888464 54028.364971 22.154 0.345 54028.366638 20.83 0.04 54028.363304 20.862 0.053 54028.364138 20.778 0.08 54028.365804 21.412 0.534
13.858884 0.888464 54030.28869 22.118 0.223 54030.290357 21.155 0.034 54030.287023 20.899 0.045 54030.287857 20.692 0.055 54030.289523 20.512 0.16
13.858884 0.888464 54035.364406 23.142 1.022 54035.366072 21.045 0.05 54035.362739 20.841 0.066 54035.363572 20.753 0.082 54035.365239 20.686 0.273
13.858884 0.888464 54037.269891 21.923 0.226 54037.271557 20.389 0.024 54037.268224 20.358 0.035 54037.269057 20.303 0.05 54037.270724 20.286 0.143
13.858884 0.888464 54040.284385 -99.99 0.279 54040.286052 20.019 0.044 54040.282719 20.225 0.053 54040.283552 20.382 0.084 54040.285219 20.414 0.216
13.858884 0.888464 54053.275135 21.483 0.166 54053.276802 20.225 0.028 54053.273469 20.25 0.032 54053.274302 20.374 0.05 54053.275969 20.323 0.143
13.858884 0.888464 54059.271115 21.56 0.286 54059.272782 21.121 0.064 54059.269448 20.941 0.077 54059.270282 21.181 0.156 54059.271948 -99.99 0.44
13.858884 0.888464 54061.282214 22.155 0.448 54061.283881 21.146 0.057 54061.280548 20.846 0.061 54061.281381 20.901 0.094 54061.283048 20.512 0.223
13.858884 0.888464 54062.275974 22.248 0.38 54062.277641 21.25 0.049 54062.274308 20.956 0.059 54062.275141 20.981 0.098 54062.276808 20.508 0.218
13.858884 0.888464 54068.256556 22.039 0.653 54068.258222 20.145 0.052 54068.254889 20.114 0.051 54068.255722 20.215 0.067 54068.257389 20.223 0.165
13.858884 0.888464 54357.314337 20.97 0.084 54357.316003 19.859 0.022 54357.31267 20.036 0.024 54357.313503 20.112 0.037 54357.31517 20.175 0.103
13.858884 0.888464 54362.364114 22.884 0.445 54362.365781 21.099 0.036 54362.362448 20.933 0.051 54362.363281 20.784 0.06 54362.364948 20.749 0.179
13.858884 0.888464 54376.359197 22.284 0.345 54376.360864 21.074 0.048 54376.357531 -99.99 0.29 54376.358364 -99.99 0.078 54376.360031 20.657 0.182
13.858884 0.888464 54382.344318 22.177 0.486 54382.345985 21.013 0.056 54382.342651 20.907 0.071 54382.343485 20.681 0.093 54382.345151 20.585 0.326
13.858884 0.888464 54385.362135 21.859 0.191 54385.363802 20.669 0.029 54385.360469 20.516 0.029 54385.361302 20.54 0.043 54385.362969 20.234 0.098
13.858884 0.888464 54387.362626 21.207 0.35 54387.364293 20.32 0.029 54387.36096 20.363 0.044 54387.361793 20.305 0.065 54387.36346 20.365 0.216
13.858884 0.888464 54390.355034 22.331 0.431 54390.356701 20.809 0.035 54390.353368 20.746 0.056 54390.354201 20.638 0.074 54390.355868 21.217 0.465
13.858884 0.888464 54391.363429 22.074 0.616 54391.365096 21.137 0.088 54391.361762 21.068 0.115 54391.362596 20.953 0.163 54391.364262 20.611 0.461
13.858884 0.888464 54392.357336 21.918 0.328 54392.359002 21.11 0.045 54392.355669 20.946 0.074 54392.356502 20.798 0.088 54392.358169 21.031 0.361
13.858884 0.888464 54402.355778 22.461 1.293 54402.357445 20.447 0.073 54402.354111 20.242 0.056 54402.354945 20.376 0.078 54402.356611 20.183 0.167
