-39.648387 0.788261 51464.177916 18.499 0.017 51464.179582 17.219 0.005 51464.176249 17.273 0.005 51464.177082 17.311 0.006 51464.178749 17.372 0.015
-39.648387 0.788261 52075.351138 18.56 0.019 52075.352804 17.278 0.005 52075.349471 17.327 0.006 52075.350304 17.38 0.006 52075.351971 17.393 0.013
-39.648387 0.788261 52197.159796 18.858 0.02 52197.161462 17.628 0.005 52197.158129 17.545 0.006 52197.158962 17.526 0.007 52197.160629 17.549 0.015
-39.648387 0.788261 52197.203653 18.985 0.022 52197.205319 17.808 0.006 52197.201986 17.675 0.006 52197.202819 17.647 0.007 52197.204486 17.659 0.016
-39.648387 0.788261 52557.197635 18.783 0.021 52557.199301 17.568 0.005 52557.195968 17.498 0.005 52557.196801 17.499 0.007 52557.198468 17.499 0.016
-39.648387 0.788261 52578.093713 18.776 0.018 52578.095379 17.508 0.005 52578.092046 17.444 0.005 52578.092879 17.454 0.007 52578.094546 17.466 0.014
-39.648387 0.788261 52929.12394 18.698 0.019 52929.125606 17.434 0.005 52929.122273 17.403 0.005 52929.123106 17.433 0.006 52929.124773 17.467 0.015
-39.648387 0.788261 52934.104098 18.863 0.022 52934.105764 17.624 0.005 52934.102431 17.535 0.006 52934.103264 17.532 0.007 52934.104931 17.563 0.016
-39.648387 0.788261 52936.100022 18.712 0.018 52936.101688 17.453 0.005 52936.098355 17.426 0.006 52936.099188 17.435 0.007 52936.100855 17.453 0.014
-39.648387 0.788261 53243.285232 18.635 0.023 53243.286898 17.379 0.006 53243.283565 17.379 0.006 53243.284398 17.41 0.007 53243.286065 17.416 0.014
-39.648387 0.788261 53270.1641 18.875 0.026 53270.165767 17.716 0.019 53270.162434 17.612 0.01 53270.163267 17.606 0.014 53270.164934 17.635 0.021
-39.648387 0.788261 53272.214033 18.766 0.03 53272.215699 17.503 0.006 53272.212366 17.505 0.006 53272.213199 17.495 0.007 53272.214866 17.497 0.016
-39.648387 0.788261 53288.141239 19.005 0.025 53288.142905 17.787 0.006 53288.139572 17.682 0.006 53288.140405 17.649 0.007 53288.142072 17.635 0.016
-39.648387 0.788261 53302.136907 18.587 0.024 53302.138573 17.305 0.006 53302.13524 17.359 0.006 53302.136073 17.397 0.007 53302.13774 17.416 0.014
-39.648387 0.788261 53312.092443 18.645 0.022 53312.094109 17.332 0.007 53312.090776 17.33 0.009 53312.091609 17.37 0.013 53312.093276 17.376 0.019
-39.648387 0.788261 53314.093634 18.509 0.018 53314.0953 17.219 0.005 53314.091967 17.264 0.005 53314.0928 17.326 0.007 53314.094467 17.387 0.016
-39.648387 0.788261 53623.188216 19.005 0.024 53623.189882 17.809 0.006 53623.186549 17.679 0.006 53623.187382 17.629 0.007 53623.189049 17.626 0.016
-39.648387 0.788261 53626.174428 18.644 0.023 53626.176094 17.373 0.006 53626.172761 17.416 0.006 53626.173594 17.446 0.007 53626.175261 17.469 0.015
-39.648387 0.788261 53628.159294 19.059 0.052 53628.16096 17.805 0.011 53628.157627 17.682 0.01 53628.15846 17.65 0.012 53628.160127 17.649 0.022
-39.648387 0.788261 53637.160907 19.019 0.031 53637.162573 17.792 0.006 53637.15924 17.698 0.006 53637.160073 17.636 0.008 53637.16174 17.62 0.021
-39.648387 0.788261 53644.153387 18.893 0.022 53644.155054 17.698 0.012 53644.15172 17.597 0.011 53644.152554 17.616 0.016 53644.15422 17.583 0.019
-39.648387 0.788261 53654.187977 18.832 0.037 53654.189643 17.538 0.006 53654.18631 17.469 0.006 53654.187143 17.496 0.008 53654.18881 17.483 0.017
-39.648387 0.788261 53656.135569 18.471 0.032 53656.137235 17.214 0.007 53656.133902 17.255 0.007 53656.134735 17.323 0.008 53656.136402 17.354 0.02
-39.648387 0.788261 53665.126846 18.468 0.023 53665.128512 17.21 0.006 53665.125179 17.262 0.007 53665.126012 17.333 0.008 53665.127679 17.334 0.021
-39.648387 0.788261 53668.138479 18.87 0.024 53668.140145 17.595 0.007 53668.136812 17.511 0.007 53668.137645 17.516 0.01 53668.139312 17.508 0.02
-39.648387 0.788261 53670.143331 18.681 0.023 53670.144997 17.456 0.005 53670.141664 17.402 0.006 53670.142497 17.438 0.008 53670.144164 17.422 0.018
-39.648387 0.788261 53673.111314 18.995 0.023 53673.11298 17.754 0.006 53673.109647 17.627 0.006 53673.11048 17.59 0.007 53673.112147 17.581 0.017
-39.648387 0.788261 53675.108203 18.836 0.021 53675.109869 17.593 0.005 53675.106536 17.507 0.005 53675.107369 17.512 0.007 53675.109036 17.503 0.015
-39.648387 0.788261 53677.129235 18.79 0.02 53677.130901 17.551 0.005 53677.127568 17.476 0.005 53677.128401 17.49 0.007 53677.130068 17.523 0.015
-39.648387 0.788261 53680.115901 19.054 0.025 53680.117567 17.809 0.006 53680.114234 17.68 0.006 53680.115067 17.647 0.007 53680.116734 17.639 0.016
-39.648387 0.788261 53686.182612 18.899 0.089 53686.184278 17.803 0.013 53686.180945 17.65 0.01 53686.181778 17.621 0.011 53686.183445 17.604 0.028
-39.648387 0.788261 53693.117803 18.881 0.031 53693.119469 17.632 0.007 53693.116136 17.53 0.006 53693.116969 17.521 0.007 53693.118636 17.549 0.016
-39.648387 0.788261 53702.113482 18.923 0.03 53702.115148 17.594 0.011 53702.111815 17.492 0.01 53702.112648 17.503 0.013 53702.114315 17.539 0.022
-39.648387 0.788261 53703.122609 18.63 0.026 53703.124276 17.467 0.009 53703.120942 17.436 0.013 53703.121776 17.486 0.026 53703.123442 17.494 0.022
-39.648387 0.788261 53704.101132 18.65 0.022 53704.102798 17.388 0.007 53704.099465 17.375 0.008 53704.100298 17.417 0.009 53704.101965 17.444 0.018
-39.648387 0.788261 53974.189085 18.863 0.023 53974.190751 17.65 0.009 53974.187418 17.565 0.01 53974.188251 17.53 0.011 53974.189918 17.541 0.018
-39.648387 0.788261 53989.197169 18.545 0.023 53989.198836 17.263 0.013 53989.195503 17.291 0.01 53989.196336 17.337 0.018 53989.198003 17.37 0.02
-39.648387 0.788261 53995.186426 18.944 0.026 53995.188093 17.771 0.01 53995.184759 17.638 0.012 53995.185593 17.635 0.012 53995.187259 17.61 0.017
-39.648387 0.788261 53997.164804 18.982 0.03 53997.166471 17.792 0.009 53997.163138 17.634 0.013 53997.163971 17.631 0.016 53997.165638 17.594 0.022
-39.648387 0.788261 54005.136667 18.488 0.018 54005.138334 17.256 0.012 54005.135 17.276 0.009 54005.135834 17.334 0.011 54005.1375 17.364 0.015
-39.648387 0.788261 54007.149405 18.464 0.027 54007.151071 17.246 0.01 54007.147738 17.291 0.009 54007.148571 17.346 0.012 54007.150238 17.353 0.021
-39.648387 0.788261 54009.14651 18.873 0.026 54009.148177 17.661 0.014 54009.144843 17.584 0.012 54009.145677 17.587 0.011 54009.147343 17.575 0.018
-39.648387 0.788261 54011.211002 18.489 0.025 54011.212669 17.274 0.014 54011.209336 17.311 0.011 54011.210169 17.363 0.016 54011.211836 17.388 0.018
-39.648387 0.788261 54019.161211 18.724 0.02 54019.162877 17.484 0.011 54019.159544 17.425 0.009 54019.160377 17.443 0.012 54019.162044 17.43 0.016
-39.648387 0.788261 54025.210024 18.534 0.022 54025.211691 17.286 0.011 54025.208357 17.29 0.013 54025.209191 17.348 0.013 54025.210857 17.403 0.019
-39.648387 0.788261 54029.140359 18.98 0.021 54029.142026 17.808 0.008 54029.138692 17.673 0.009 54029.139526 17.64 0.012 54029.141192 17.663 0.017
-39.648387 0.788261 54051.116956 18.743 0.076 54051.118623 -99.99 0.037 54051.115289 17.48 0.027 54051.116123 17.457 0.038 54051.117789 17.451 0.125
-39.648387 0.788261 54356.21853 18.491 0.021 54356.220197 17.273 0.013 54356.216864 17.322 0.012 54356.217697 17.313 0.017 54356.219364 17.367 0.019
-39.648387 0.788261 54358.16361 18.853 0.028 54358.165276 17.643 0.014 54358.161943 17.6 0.019 54358.162776 17.606 0.014 54358.164443 17.553 0.022
-39.648387 0.788261 54373.195676 19.09 0.039 54373.197342 17.819 0.014 54373.194009 17.682 0.017 54373.194842 17.646 0.014 54373.196509 17.629 0.022
-39.648387 0.788261 54381.208369 18.585 0.022 54381.210036 17.302 0.011 54381.206703 17.338 0.022 54381.207536 17.363 0.011 54381.209203 17.384 0.019
-39.648387 0.788261 54382.205771 18.964 0.029 54382.207437 17.796 0.014 54382.204104 17.692 0.013 54382.204937 17.634 0.013 54382.206604 17.641 0.023
-39.648387 0.788261 54383.211523 18.472 0.026 54383.21319 17.219 0.018 54383.209857 17.27 0.018 54383.21069 17.306 0.014 54383.212357 17.332 0.022
-39.648387 0.788261 54386.208538 18.805 0.027 54386.210205 17.597 0.012 54386.206872 17.517 0.01 54386.207705 17.498 0.01 54386.209372 17.518 0.021
-39.648387 0.788261 54388.212791 18.721 0.026 54388.214458 17.476 0.014 54388.211124 17.412 0.011 54388.211958 17.455 0.011 54388.213624 17.469 0.017
-39.648387 0.788261 54403.126595 19.009 0.023 54403.128261 17.829 0.012 54403.124928 17.689 0.012 54403.125761 17.656 0.014 54403.127428 17.662 0.019
-39.648387 0.788261 54406.120492 18.473 0.022 54406.122158 17.229 0.013 54406.118825 17.292 0.011 54406.119658 17.318 0.01 54406.121325 17.359 0.019
-39.648387 0.788261 54412.123324 19.004 0.023 54412.124991 17.813 0.012 54412.121658 17.677 0.01 54412.122491 17.643 0.012 54412.124158 17.653 0.019
-39.648387 0.788261 54415.16089 18.453 0.024 54415.162557 17.238 0.013 54415.159223 17.275 0.012 54415.160057 17.308 0.011 54415.161723 17.36 0.018
