-41.041663 0.324836 51464.17408 20.014 0.04 51464.175746 18.674 0.008 51464.172413 18.64 0.009 51464.173246 18.643 0.012 51464.174913 18.547 0.04
-41.041663 0.324836 52075.347281 19.713 0.04 52075.348947 18.434 0.008 52075.345614 18.406 0.009 52075.346447 18.418 0.01 52075.348114 18.394 0.03
-41.041663 0.324836 52197.155932 20.222 0.048 52197.157598 19.02 0.009 52197.154265 18.85 0.01 52197.155098 18.756 0.012 52197.156765 18.804 0.045
-41.041663 0.324836 52557.193777 20.318 0.069 52557.195443 18.94 0.009 52557.19211 18.801 0.011 52557.192943 18.76 0.014 52557.19461 18.709 0.05
-41.041663 0.324836 52578.089854 19.789 0.039 52578.09152 18.414 0.007 52578.088187 18.413 0.008 52578.08902 18.437 0.011 52578.090687 18.501 0.036
-41.041663 0.324836 52929.120081 20.358 0.061 52929.121747 18.997 0.009 52929.118414 18.843 0.01 52929.119247 18.758 0.012 52929.120914 18.733 0.044
-41.041663 0.324836 52934.100238 20.364 0.07 52934.101904 19.006 0.01 52934.098571 18.831 0.011 52934.099404 18.756 0.012 52934.101071 18.748 0.049
-41.041663 0.324836 52936.096163 20.13 0.044 52936.097829 18.855 0.008 52936.094496 18.762 0.01 52936.095329 18.698 0.012 52936.096996 18.669 0.038
-41.041663 0.324836 53243.281373 20.27 0.086 53243.283039 19.012 0.014 53243.279706 18.805 0.013 53243.280539 18.781 0.014 53243.282206 18.819 0.047
-41.041663 0.324836 53270.160227 20.09 0.057 53270.161893 18.868 0.014 53270.15856 18.725 0.015 53270.159393 18.706 0.015 53270.16106 18.69 0.042
-41.041663 0.324836 53272.210175 19.995 0.094 53272.211841 18.78 0.014 53272.208508 18.662 0.013 53272.209341 18.687 0.014 53272.211008 18.659 0.045
-41.041663 0.324836 53288.137379 19.884 0.05 53288.139045 18.492 0.007 53288.135712 18.468 0.009 53288.136545 18.447 0.011 53288.138212 18.479 0.037
-41.041663 0.324836 53302.133047 20.259 0.094 53302.134713 18.986 0.015 53302.13138 18.803 0.013 53302.132213 18.732 0.014 53302.13388 18.729 0.042
-41.041663 0.324836 53312.088576 20.04 0.058 53312.090243 18.776 0.014 53312.08691 18.645 0.014 53312.087743 18.624 0.015 53312.08941 18.676 0.062
-41.041663 0.324836 53314.089774 20.245 0.059 53314.09144 19.006 0.009 53314.088107 18.823 0.011 53314.08894 18.795 0.014 53314.090607 18.837 0.054
-41.041663 0.324836 53623.184357 19.96 0.048 53623.186023 18.734 0.009 53623.18269 18.617 0.01 53623.183523 18.597 0.011 53623.18519 18.533 0.036
-41.041663 0.324836 53626.17057 19.691 0.053 53626.172236 18.421 0.01 53626.168903 18.418 0.01 53626.169736 18.43 0.011 53626.171403 18.41 0.034
-41.041663 0.324836 53628.155435 19.777 0.098 53628.157101 18.591 0.015 53628.153768 18.561 0.015 53628.154601 18.548 0.017 53628.156268 18.487 0.048
-41.041663 0.324836 53637.157048 20.216 0.084 53637.158714 18.997 0.011 53637.155381 18.849 0.013 53637.156214 18.763 0.015 53637.157881 18.631 0.058
-41.041663 0.324836 53644.149505 20.165 0.05 53644.151172 18.833 0.012 53644.147839 18.731 0.017 53644.148672 18.682 0.016 53644.150339 18.69 0.041
-41.041663 0.324836 53654.184117 19.689 0.049 53654.185783 18.428 0.009 53654.18245 18.436 0.01 53654.183283 18.472 0.012 53654.18495 18.476 0.041
-41.041663 0.324836 53656.131709 19.776 0.104 53656.133375 18.428 0.014 53656.130042 18.447 0.016 53656.130875 18.438 0.016 53656.132542 18.474 0.055
-41.041663 0.324836 53665.122987 19.993 0.08 53665.124653 18.685 0.011 53665.12132 18.574 0.017 53665.122153 18.62 0.02 53665.12382 18.521 0.055
-41.041663 0.324836 53668.134619 19.699 0.048 53668.136285 18.493 0.007 53668.132952 18.443 0.009 53668.133785 18.479 0.013 53668.135452 18.409 0.045
-41.041663 0.324836 53670.139472 20.002 0.067 53670.141138 18.765 0.009 53670.137805 18.645 0.012 53670.138638 18.619 0.014 53670.140305 18.592 0.06
-41.041663 0.324836 53673.107454 19.681 0.039 53673.10912 18.397 0.007 53673.105787 18.391 0.008 53673.10662 18.432 0.011 53673.108287 18.449 0.037
-41.041663 0.324836 53675.104343 20.005 0.049 53675.106009 18.585 0.008 53675.102676 18.527 0.009 53675.103509 18.529 0.011 53675.105176 18.552 0.041
-41.041663 0.324836 53677.125375 20.29 0.067 53677.127041 18.968 0.009 53677.123708 18.783 0.012 53677.124541 18.716 0.013 53677.126208 18.818 0.053
-41.041663 0.324836 53680.112041 19.954 0.051 53680.113707 18.665 0.008 53680.110374 18.559 0.009 53680.111207 18.54 0.011 53680.112874 18.51 0.038
-41.041663 0.324836 53686.178754 19.524 0.167 53686.18042 18.467 0.021 53686.177087 18.395 0.019 53686.17792 18.452 0.021 53686.179587 18.588 0.079
-41.041663 0.324836 53693.113944 19.647 0.062 53693.11561 18.415 0.01 53693.112277 18.38 0.011 53693.11311 18.419 0.012 53693.114777 18.475 0.037
-41.041663 0.324836 53702.10963 20.107 0.08 53702.111297 18.875 0.014 53702.107964 18.71 0.015 53702.108797 18.649 0.018 53702.110464 18.675 0.06
-41.041663 0.324836 53703.118755 19.708 0.072 53703.120422 18.417 0.011 53703.117088 18.391 0.015 53703.117922 18.417 0.019 53703.119588 18.508 0.056
-41.041663 0.324836 53704.097273 20.234 0.072 53704.098939 19.021 0.01 53704.095606 18.83 0.012 53704.096439 18.767 0.014 53704.098106 18.679 0.047
-41.041663 0.324836 53974.185229 19.685 0.043 53974.186896 18.429 0.015 53974.183563 18.395 0.012 53974.184396 18.431 0.019 53974.186063 18.437 0.033
-41.041663 0.324836 53989.19331 19.705 0.042 53989.194976 18.433 0.012 53989.191643 18.415 0.011 53989.192476 18.464 0.017 53989.194143 18.508 0.028
-41.041663 0.324836 53995.182578 20.204 0.056 53995.184245 18.995 0.014 53995.180912 18.809 0.014 53995.181745 18.699 0.02 53995.183412 18.823 0.049
-41.041663 0.324836 53997.160957 20.347 0.069 53997.162623 19.002 0.015 53997.15929 18.84 0.02 53997.160123 18.739 0.027 53997.16179 18.658 0.043
-41.041663 0.324836 54005.13281 20.036 0.045 54005.134477 18.739 0.012 54005.131143 18.633 0.012 54005.131977 18.647 0.013 54005.133643 18.591 0.033
-41.041663 0.324836 54007.145539 20.323 0.061 54007.147206 19.023 0.013 54007.143873 18.827 0.011 54007.144706 18.757 0.015 54007.146373 18.804 0.046
-41.041663 0.324836 54009.142656 20.206 0.06 54009.144323 18.909 0.015 54009.14099 18.778 0.014 54009.141823 18.718 0.02 54009.14349 18.786 0.042
-41.041663 0.324836 54011.207155 19.84 0.06 54011.208821 18.617 0.015 54011.205488 18.508 0.014 54011.206321 18.531 0.017 54011.207988 18.487 0.039
-41.041663 0.324836 54019.157357 20.019 0.05 54019.159024 18.735 0.011 54019.15569 18.659 0.012 54019.156524 18.664 0.014 54019.15819 18.688 0.035
-41.041663 0.324836 54025.206157 20.356 0.066 54025.207824 19.04 0.017 54025.20449 18.852 0.013 54025.205324 18.79 0.017 54025.20699 18.774 0.047
-41.041663 0.324836 54029.136497 20.128 0.045 54029.138164 18.922 0.013 54029.134831 18.789 0.011 54029.135664 18.744 0.016 54029.137331 18.719 0.036
-41.041663 0.324836 54051.11341 -99.99 0.238 54051.115077 -99.99 0.039 54051.111744 18.584 0.021 54051.112577 18.481 0.031 54051.114244 -99.99 0.166
-41.041663 0.324836 54356.214673 19.969 0.054 54356.21634 18.617 0.015 54356.213006 18.548 0.013 54356.21384 18.542 0.02 54356.215506 18.58 0.049
-41.041663 0.324836 54358.159722 20.058 0.062 54358.161389 18.637 0.019 54358.158056 18.566 0.01 54358.158889 18.541 0.016 54358.160556 18.615 0.048
-41.041663 0.324836 54373.191813 20.139 0.082 54373.193479 18.805 0.029 54373.190146 18.653 0.016 54373.190979 18.651 0.02 54373.192646 18.572 0.041
-41.041663 0.324836 54381.204513 19.798 0.065 54381.20618 18.588 0.015 54381.202846 18.511 0.013 54381.20368 18.491 0.021 54381.205346 18.575 0.055
-41.041663 0.324836 54382.201906 20.201 0.086 54382.203572 18.847 0.027 54382.200239 18.752 0.016 54382.201072 18.695 0.022 54382.202739 18.616 0.058
-41.041663 0.324836 54383.207654 20.174 0.066 54383.209321 18.82 0.015 54383.205987 18.7 0.019 54383.206821 18.618 0.021 54383.208487 18.701 0.05
-41.041663 0.324836 54386.204672 19.845 0.043 54386.206339 18.592 0.015 54386.203006 18.506 0.012 54386.203839 18.541 0.014 54386.205506 18.572 0.033
-41.041663 0.324836 54388.208932 20.14 0.065 54388.210599 18.855 0.014 54388.207265 18.712 0.014 54388.208099 18.657 0.015 54388.209765 18.706 0.047
-41.041663 0.324836 54403.122723 19.765 0.043 54403.12439 18.487 0.018 54403.121056 18.429 0.011 54403.12189 18.457 0.013 54403.123556 18.506 0.033
-41.041663 0.324836 54406.116542 19.851 0.048 54406.118209 18.521 0.016 54406.114875 18.537 0.015 54406.115709 18.531 0.016 54406.117375 18.547 0.044
-41.041663 0.324836 54412.119487 20.178 0.058 54412.121154 18.958 0.013 54412.11782 18.761 0.013 54412.118654 18.713 0.017 54412.12032 18.651 0.043
-41.041663 0.324836 54415.157036 20.185 0.054 54415.158702 18.864 0.015 54415.155369 18.707 0.012 54415.156202 18.678 0.014 54415.157869 18.555 0.033
