-44.90891 0.749792 52075.336579 19.063 0.026 52075.338245 17.948 0.006 52075.334912 17.816 0.006 52075.335745 17.749 0.008 52075.337412 17.716 0.017
-44.90891 0.749792 52197.145216 18.794 0.019 52197.146882 17.53 0.005 52197.143549 17.46 0.006 52197.144382 17.456 0.007 52197.146049 17.46 0.014
-44.90891 0.749792 52557.183066 19.45 0.034 52557.184732 18.226 0.007 52557.181399 17.953 0.007 52557.182232 17.851 0.008 52557.183899 17.787 0.022
-44.90891 0.749792 52578.079142 18.917 0.025 52578.080808 17.661 0.005 52578.077475 17.546 0.006 52578.078308 17.491 0.008 52578.079975 17.454 0.019
-44.90891 0.749792 52929.109369 19.434 0.028 52929.111035 18.221 0.007 52929.107702 17.973 0.007 52929.108535 17.847 0.008 52929.110202 17.814 0.018
-44.90891 0.749792 52934.089527 18.91 0.022 52934.091193 17.611 0.005 52934.08786 17.517 0.006 52934.088693 17.506 0.007 52934.09036 17.521 0.017
-44.90891 0.749792 52936.085452 19.236 0.023 52936.087118 18.084 0.006 52936.083785 17.881 0.007 52936.084618 17.806 0.008 52936.086285 17.795 0.017
-44.90891 0.749792 53243.270662 19.399 0.045 53243.272328 18.246 0.009 53243.268995 17.952 0.008 53243.269828 17.812 0.008 53243.271495 17.762 0.019
-44.90891 0.749792 53270.14951 19.204 0.031 53270.151177 18.004 0.011 53270.147844 17.747 0.013 53270.148677 17.691 0.013 53270.150344 17.67 0.021
-44.90891 0.749792 53272.199463 18.95 0.041 53272.201129 17.748 0.008 53272.197796 17.619 0.007 53272.198629 17.531 0.008 53272.200296 17.536 0.017
-44.90891 0.749792 53288.126667 19.203 0.028 53288.128333 17.964 0.006 53288.125 17.749 0.006 53288.125833 17.654 0.007 53288.1275 17.612 0.017
-44.90891 0.749792 53302.122336 19.362 0.046 53302.124002 18.266 0.01 53302.120669 17.966 0.008 53302.121502 17.873 0.009 53302.123169 17.833 0.019
-44.90891 0.749792 53312.077866 19.384 0.034 53312.079533 18.221 0.009 53312.076199 17.916 0.007 53312.077033 17.819 0.01 53312.078699 17.771 0.023
-44.90891 0.749792 53314.079062 19.292 0.027 53314.080728 18.062 0.006 53314.077395 17.798 0.006 53314.078228 17.698 0.008 53314.079895 17.693 0.02
-44.90891 0.749792 53626.159857 19.117 0.033 53626.161523 17.883 0.008 53626.15819 17.683 0.007 53626.159023 17.623 0.008 53626.16069 17.606 0.017
-44.90891 0.749792 53628.144724 18.567 0.035 53628.14639 17.406 0.007 53628.143057 17.4 0.007 53628.14389 17.427 0.008 53628.145557 17.417 0.019
-44.90891 0.749792 53644.138785 19.083 0.025 53644.140451 17.881 0.009 53644.137118 17.676 0.008 53644.137951 17.641 0.014 53644.139618 17.59 0.021
-44.90891 0.749792 53654.173407 18.972 0.029 53654.175073 17.75 0.007 53654.17174 17.591 0.006 53654.172573 17.546 0.008 53654.17424 17.556 0.017
-44.90891 0.749792 53656.120998 19.119 0.052 53656.122664 17.904 0.01 53656.119331 17.798 0.009 53656.120164 17.683 0.01 53656.121831 17.647 0.023
-44.90891 0.749792 53665.112275 19.207 0.056 53665.113941 -99.99 0.013 53665.110608 17.894 0.014 53665.111441 17.801 0.016 53665.113108 -99.99 0.048
-44.90891 0.749792 53668.123908 19.481 0.037 53668.125574 18.291 0.007 53668.122241 17.97 0.007 53668.123074 17.843 0.009 53668.124741 17.845 0.025
-44.90891 0.749792 53673.096743 18.64 0.019 53673.098409 17.411 0.005 53673.095076 17.423 0.005 53673.095909 17.442 0.007 53673.097576 17.466 0.015
-44.90891 0.749792 53675.093632 19.423 0.031 53675.095298 18.244 0.007 53675.091965 17.969 0.007 53675.092798 17.873 0.008 53675.094465 17.868 0.02
-44.90891 0.749792 53677.114665 19.365 0.032 53677.116331 18.236 0.007 53677.112998 17.947 0.007 53677.113831 17.837 0.008 53677.115498 17.787 0.018
-44.90891 0.749792 53693.103233 19.534 0.056 53693.104899 18.225 0.01 53693.101566 17.975 0.008 53693.102399 17.861 0.009 53693.104066 17.88 0.023
-44.90891 0.749792 53702.098921 19.351 0.043 53702.100587 18.306 0.01 53702.097254 18.014 0.012 53702.098087 18.001 0.015 53702.099754 17.875 0.031
-44.90891 0.749792 53703.10807 -99.99 0.063 53703.109737 18.244 0.013 53703.106404 17.95 0.011 53703.107237 17.823 0.016 53703.108904 -99.99 0.045
-44.90891 0.749792 53704.086562 19.419 0.038 53704.088228 18.234 0.007 53704.084895 17.914 0.007 53704.085728 17.809 0.008 53704.087395 17.836 0.02
-44.90891 0.749792 53974.174513 18.73 0.024 53974.176179 17.536 0.013 53974.172846 17.439 0.012 53974.173679 17.441 0.01 53974.175346 17.465 0.019
-44.90891 0.749792 53989.182602 19.326 0.033 53989.184269 18.102 0.015 53989.180936 17.846 0.011 53989.181769 17.734 0.011 53989.183436 17.685 0.019
-44.90891 0.749792 53995.171854 19.469 0.028 53995.17352 18.293 0.011 53995.170187 17.982 0.011 53995.17102 17.894 0.01 53995.172687 17.853 0.018
-44.90891 0.749792 53997.150234 19.47 0.034 53997.151901 18.216 0.011 53997.148567 17.901 0.014 53997.149401 17.768 0.014 53997.151067 17.766 0.02
-44.90891 0.749792 54005.122089 19.412 0.028 54005.123756 18.237 0.012 54005.120423 17.919 0.012 54005.121256 17.819 0.011 54005.122923 17.767 0.017
-44.90891 0.749792 54007.134834 19.262 0.027 54007.136501 18.045 0.011 54007.133167 17.796 0.008 54007.134001 17.717 0.013 54007.135667 17.658 0.019
-44.90891 0.749792 54009.131942 18.881 0.024 54009.133608 17.689 0.011 54009.130275 17.542 0.01 54009.131108 17.53 0.009 54009.132775 17.485 0.016
-44.90891 0.749792 54011.196429 18.745 0.029 54011.198096 17.544 0.013 54011.194762 17.455 0.013 54011.195596 17.488 0.014 54011.197262 17.511 0.019
-44.90891 0.749792 54019.146641 18.711 0.019 54019.148308 17.514 0.01 54019.144975 17.45 0.008 54019.145808 17.455 0.009 54019.147475 17.477 0.016
-44.90891 0.749792 54025.195456 19.383 0.031 54025.197123 18.193 0.01 54025.19379 17.9 0.011 54025.194623 17.787 0.01 54025.19629 17.764 0.02
-44.90891 0.749792 54029.125781 18.899 0.021 54029.127447 17.733 0.009 54029.124114 17.646 0.013 54029.124947 17.619 0.011 54029.126614 17.637 0.018
-44.90891 0.749792 54051.102364 -99.99 0.074 54051.104031 -99.99 0.017 54051.100698 17.887 0.025 54051.101531 -99.99 0.031 54051.103198 17.711 0.045
-44.90891 0.749792 54356.203962 18.992 0.026 54356.205629 17.742 0.009 54356.202296 17.596 0.016 54356.203129 17.575 0.014 54356.204796 17.54 0.018
-44.90891 0.749792 54358.149016 19.487 0.04 54358.150682 18.213 0.021 54358.147349 -99.99 0.011 54358.148182 17.884 0.013 54358.149849 17.891 0.023
-44.90891 0.749792 54373.181119 19.109 0.034 54373.182786 17.956 0.013 54373.179453 17.739 0.013 54373.180286 17.64 0.012 54373.181953 17.589 0.018
-44.90891 0.749792 54381.19382 19.303 0.037 54381.195487 18.119 0.014 54381.192154 17.854 0.013 54381.192987 17.719 0.014 54381.194654 -99.99 0.028
-44.90891 0.749792 54382.191228 -99.99 0.05 54382.192895 17.963 0.01 54382.189561 17.703 0.019 54382.190395 17.653 0.014 54382.192061 -99.99 0.028
-44.90891 0.749792 54383.196935 18.973 0.026 54383.198601 17.785 0.015 54383.195268 17.617 0.013 54383.196101 17.584 0.01 54383.197768 17.556 0.018
-44.90891 0.749792 54386.193966 19.28 0.029 54386.195632 18.206 0.013 54386.192299 17.948 0.011 54386.193132 17.842 0.011 54386.194799 17.815 0.018
-44.90891 0.749792 54388.198233 19.381 0.034 54388.199899 18.258 0.012 54388.196566 17.944 0.012 54388.197399 17.828 0.012 54388.199066 17.85 0.02
-44.90891 0.749792 54403.112006 19.229 0.026 54403.113673 18.127 0.011 54403.11034 17.902 0.01 54403.111173 17.821 0.012 54403.11284 17.809 0.02
-44.90891 0.749792 54406.105833 19.273 0.032 54406.1075 18.152 0.012 54406.104167 17.876 0.011 54406.105 17.758 0.012 54406.106667 17.713 0.021
-44.90891 0.749792 54412.108756 19.381 0.033 54412.110423 18.261 0.012 54412.10709 18.024 0.013 54412.107923 17.914 0.013 54412.10959 17.858 0.02
-44.90891 0.749792 54415.146312 19.477 0.032 54415.147978 18.303 0.014 54415.144645 17.962 0.009 54415.145478 17.806 0.011 54415.147145 17.786 0.019
