-40.599498 0.195453 52172.257833 16.885 0.008 52172.259499 15.649 0.004 52172.256166 15.556 0.005 52172.256999 15.552 0.005 52172.258666 15.54 0.007
-40.599498 0.195453 52558.207533 17.263 0.012 52558.209199 15.996 0.003 52558.205866 15.845 0.003 52558.206699 15.667 0.003 52558.208366 15.668 0.008
-40.599498 0.195453 52576.11979 17.617 0.011 52576.121456 16.436 0.004 52576.118123 16.181 0.004 52576.118956 16.056 0.004 52576.120623 16.009 0.008
-40.599498 0.195453 52577.095024 17.546 0.01 52577.09669 16.351 0.004 52577.093357 16.015 0.004 52577.09419 15.897 0.004 52577.095857 15.818 0.007
-40.599498 0.195453 52931.109186 17.73 0.012 52931.110852 16.509 0.004 52931.107519 16.2 0.004 52931.108352 16.081 0.004 52931.110019 16.04 0.008
-40.599498 0.195453 53313.099351 17.451 0.012 53313.101017 16.227 0.004 53313.097684 15.966 0.004 53313.098517 15.852 0.003 53313.100184 15.788 0.007
-40.599498 0.195453 53622.208597 17.523 0.013 53622.210263 16.335 0.003 53622.20693 16.036 0.003 53622.207763 15.916 0.004 53622.20943 15.838 0.007
-40.599498 0.195453 53625.204561 17.542 0.012 53625.206227 16.318 0.005 53625.202894 16.012 0.006 53625.203727 15.873 0.006 53625.205394 15.805 0.008
-40.599498 0.195453 53634.158066 -99.99 0.012 53634.159732 -99.99 0.003 53634.156399 -99.99 0.003 53634.157232 -99.99 0.003 53634.158899 -99.99 0.008
-40.599498 0.195453 53636.163595 17.747 0.013 53636.165261 16.537 0.004 53636.161928 16.076 0.004 53636.162761 15.997 0.005 53636.164428 15.907 0.007
-40.599498 0.195453 53655.135602 17.101 0.01 53655.137268 15.875 0.003 53655.133935 15.77 0.005 53655.134768 15.738 0.005 53655.136435 15.713 0.007
-40.599498 0.195453 53664.160562 17.433 0.012 53664.162228 16.276 0.004 53664.158895 16.047 0.004 53664.159728 15.959 0.004 53664.161395 15.916 0.007
-40.599498 0.195453 53666.124162 16.959 0.009 53666.125828 15.697 0.005 53666.122495 15.589 0.005 53666.123328 15.586 0.005 53666.124995 15.562 0.007
-40.599498 0.195453 53669.119801 16.744 0.008 53669.121467 15.472 0.004 53669.118134 15.439 0.005 53669.118967 15.483 0.005 53669.120634 15.472 0.007
-40.599498 0.195453 53674.104036 17.265 0.011 53674.105702 16.012 0.004 53674.102369 15.804 0.003 53674.103202 15.73 0.004 53674.104869 15.672 0.007
-40.599498 0.195453 53676.193538 17.617 0.013 53676.195204 16.457 0.004 53676.191871 16.154 0.005 53676.192704 16.028 0.005 53676.194371 15.963 0.008
-40.599498 0.195453 53679.165418 17.696 0.014 53679.167084 16.514 0.004 53679.163751 16.166 0.003 53679.164584 16.028 0.004 53679.166251 15.961 0.007
-40.599498 0.195453 53681.156929 17.025 0.01 53681.158595 15.804 0.004 53681.155262 15.768 0.005 53681.156095 15.722 0.005 53681.157762 15.692 0.007
-40.599498 0.195453 53685.115974 17.559 0.017 53685.11764 16.364 0.004 53685.114307 16.042 0.004 53685.11514 15.92 0.005 53685.116807 15.852 0.008
-40.599498 0.195453 53687.154324 17.462 0.017 53687.15599 16.304 0.004 53687.152657 16.062 0.004 53687.15349 15.96 0.004 53687.155157 15.914 0.007
-40.599498 0.195453 53694.129865 17.389 0.015 53694.131531 16.195 0.004 53694.128198 15.923 0.003 53694.129031 15.826 0.004 53694.130698 -99.99 0.009
-40.599498 0.195453 53697.113954 17.308 0.031 53697.11562 16.111 0.006 53697.112287 15.836 0.007 53697.11312 15.776 0.008 53697.114787 15.735 0.018
-40.599498 0.195453 53705.099584 17.539 0.012 53705.10125 16.399 0.004 53705.097917 16.051 0.004 53705.09875 15.93 0.004 53705.100417 15.876 0.007
-40.599498 0.195453 53975.184589 16.898 0.018 53975.186255 15.587 0.01 53975.182922 15.515 0.011 53975.183755 15.516 0.017 53975.185422 15.514 0.015
-40.599498 0.195453 53996.1913 17.684 0.017 53996.192967 16.529 0.01 53996.189634 16.249 0.009 53996.190467 16.115 0.01 53996.192134 16.034 0.016
-40.599498 0.195453 53998.159932 16.858 0.017 53998.161599 15.588 0.012 53998.158266 15.524 0.008 53998.159099 15.535 0.016 53998.160766 15.532 0.017
-40.599498 0.195453 54010.145412 17.309 0.02 54010.147078 16.123 0.012 54010.143745 15.985 0.008 54010.144578 15.886 0.016 54010.146245 15.851 0.02
-40.599498 0.195453 54012.138255 17.114 0.014 54012.139921 15.856 0.012 54012.136588 15.702 0.012 54012.137421 15.652 0.014 54012.139088 15.597 0.015
-40.599498 0.195453 54020.144237 17.455 0.015 54020.145904 16.309 0.01 54020.142571 16.005 0.008 54020.143404 15.874 0.009 54020.145071 15.824 0.017
-40.599498 0.195453 54022.193523 17.71 0.019 54022.195189 16.566 0.014 54022.191856 16.24 0.015 54022.192689 16.171 0.012 54022.194356 -99.99 0.022
-40.599498 0.195453 54028.134602 17.578 0.019 54028.136268 16.569 0.017 54028.132935 16.083 0.016 54028.133768 15.936 0.008 54028.135435 15.902 0.015
-40.599498 0.195453 54030.137788 16.865 0.017 54030.139455 15.749 0.01 54030.136122 15.614 0.01 54030.136955 15.632 0.007 54030.138622 15.592 0.013
-40.599498 0.195453 54032.127063 17.196 0.019 54032.128729 -99.99 0.014 54032.125396 -99.99 0.01 54032.126229 15.671 0.012 54032.127896 -99.99 0.013
-40.599498 0.195453 54034.19769 17.601 0.021 54034.199357 -99.99 0.011 54034.196023 -99.99 0.01 54034.196857 15.925 0.01 54034.198523 -99.99 0.014
-40.599498 0.195453 54037.119033 17.493 0.015 54037.1207 16.346 0.01 54037.117366 16.047 0.011 54037.1182 15.912 0.011 54037.119866 15.848 0.013
-40.599498 0.195453 54040.133519 17.523 0.022 54040.135186 16.333 0.016 54040.131853 16.024 0.011 54040.132686 15.904 0.014 54040.134353 15.852 0.019
-40.599498 0.195453 54050.118146 16.224 0.017 54050.119813 15.056 0.012 54050.11648 15.172 0.013 54050.117313 15.248 0.018 54050.11898 15.264 0.019
-40.599498 0.195453 54053.124299 16.869 0.02 54053.125966 15.686 0.009 54053.122632 15.712 0.008 54053.123466 15.662 0.011 54053.125132 15.638 0.017
-40.599498 0.195453 54057.094646 17.556 0.014 54057.096313 -99.99 0.017 54057.09298 -99.99 0.011 54057.093813 15.962 0.019 54057.09548 15.886 0.014
-40.599498 0.195453 54059.12026 17.495 0.018 54059.121926 16.754 0.022 54059.118593 16.1 0.011 54059.119426 16.011 0.012 54059.121093 15.93 0.017
-40.599498 0.195453 54062.125156 17.506 0.026 54062.126823 16.373 0.069 54062.12349 16.095 0.014 54062.124323 16.015 0.011 54062.12599 15.942 0.014
-40.599498 0.195453 54068.115145 17.491 0.048 54068.116812 16.395 0.013 54068.113478 16.083 0.015 54068.114312 15.956 0.013 54068.115978 15.918 0.023
-40.599498 0.195453 54357.163455 17.508 0.02 54357.165121 16.419 0.013 54357.161788 16.079 0.015 54357.162621 15.948 0.019 54357.164288 15.871 0.024
-40.599498 0.195453 54365.16131 17.502 0.02 54365.162977 16.383 0.013 54365.159643 16.115 0.012 54365.160477 15.987 0.016 54365.162143 15.941 0.016
-40.599498 0.195453 54385.211278 16.626 0.014 54385.212945 15.401 0.014 54385.209611 15.38 0.012 54385.210445 15.449 0.009 54385.212111 15.427 0.014
-40.599498 0.195453 54387.211781 17.345 0.017 54387.213447 16.172 0.012 54387.210114 15.905 0.007 54387.210947 15.79 0.013 54387.212614 15.745 0.012
-40.599498 0.195453 54402.204973 16.938 0.02 54402.20664 15.687 0.015 54402.203306 15.552 0.013 54402.20414 15.568 0.012 54402.205806 15.509 0.012
