-42.157993 -0.66116 51819.237934 20.602 0.083 51819.2396 19.343 0.013 51819.236267 19.136 0.013 51819.2371 19.094 0.015 51819.238767 18.948 0.046
-42.157993 -0.66116 52172.253522 20.162 0.056 52172.255188 18.808 0.009 52172.251855 18.824 0.01 52172.252688 18.852 0.012 52172.254355 18.914 0.041
-42.157993 -0.66116 52558.203216 20.181 0.083 52558.204882 19.042 0.012 52558.201549 18.936 0.015 52558.202382 18.973 0.023 52558.204049 18.842 0.064
-42.157993 -0.66116 52576.115474 20.564 0.076 52576.11714 19.433 0.013 52576.113807 19.236 0.014 52576.11464 19.2 0.017 52576.116307 19.145 0.058
-42.157993 -0.66116 52577.090707 20.604 0.08 52577.092373 19.411 0.012 52577.08904 19.235 0.015 52577.089873 19.135 0.017 52577.09154 19.15 0.065
-42.157993 -0.66116 52930.104038 20.22 0.053 52930.105704 18.95 0.009 52930.102371 18.896 0.01 52930.103204 18.887 0.012 52930.104871 18.929 0.037
-42.157993 -0.66116 52931.104867 20.437 0.068 52931.106533 19.093 0.01 52931.1032 18.994 0.012 52931.104033 18.972 0.014 52931.1057 18.962 0.042
-42.157993 -0.66116 52935.101833 20.537 0.094 52935.103499 19.398 0.013 52935.100166 19.232 0.015 52935.100999 19.133 0.019 52935.102666 19.079 0.057
-42.157993 -0.66116 53313.095034 20.495 0.104 53313.0967 19.267 0.015 53313.093367 19.094 0.016 53313.0942 19.064 0.022 53313.095867 18.998 0.082
-42.157993 -0.66116 53622.204279 20.283 0.095 53622.205945 18.93 0.012 53622.202612 18.892 0.013 53622.203445 18.877 0.018 53622.205112 18.871 0.061
-42.157993 -0.66116 53625.200244 20.559 0.079 53625.20191 19.3 0.014 53625.198577 19.119 0.013 53625.19941 19.097 0.014 53625.201077 19.056 0.041
-42.157993 -0.66116 53634.153748 20.314 0.159 53634.155414 -99.99 0.022 53634.152081 18.838 0.021 53634.152914 18.864 0.023 53634.154581 -99.99 0.072
-42.157993 -0.66116 53636.15928 20.546 0.077 53636.160946 19.147 0.011 53636.157613 19.005 0.012 53636.158446 19.013 0.013 53636.160113 19.013 0.043
-42.157993 -0.66116 53645.218948 20.18 0.3 53645.220614 -99.99 0.076 53645.217281 -99.99 0.129 53645.218114 -99.99 0.038 53645.219781 -99.99 0.189
-42.157993 -0.66116 53655.131285 20.09 0.08 53655.132951 18.786 0.012 53655.129618 18.803 0.013 53655.130451 18.825 0.014 53655.132118 18.846 0.042
-42.157993 -0.66116 53664.156244 20.193 0.091 53664.15791 18.935 0.015 53664.154577 18.883 0.014 53664.15541 18.912 0.015 53664.157077 18.868 0.046
-42.157993 -0.66116 53666.119845 20.111 0.048 53666.121511 18.829 0.009 53666.118178 18.81 0.01 53666.119011 18.846 0.012 53666.120678 18.931 0.043
-42.157993 -0.66116 53669.115483 20.271 0.054 53669.117149 18.964 0.009 53669.113816 18.89 0.011 53669.114649 18.882 0.012 53669.116316 18.943 0.041
-42.157993 -0.66116 53674.099719 20.735 0.086 53674.101385 19.397 0.012 53674.098052 19.225 0.014 53674.098885 19.144 0.015 53674.100552 19.055 0.05
-42.157993 -0.66116 53676.189222 20.188 0.062 53676.190888 18.824 0.009 53676.187555 18.786 0.011 53676.188388 18.831 0.013 53676.190055 18.891 0.038
-42.157993 -0.66116 53679.161102 20.42 0.097 53679.162768 19.034 0.012 53679.159435 18.946 0.013 53679.160268 18.928 0.015 53679.161935 18.965 0.053
-42.157993 -0.66116 53681.152613 -99.99 0.172 53681.154279 19.32 0.019 53681.150946 19.099 0.03 53681.151779 -99.99 0.062 53681.153446 19.076 0.084
-42.157993 -0.66116 53685.111657 20.966 0.339 53685.113323 19.453 0.034 53685.10999 19.302 0.035 53685.110823 19.168 0.03 53685.11249 19.195 0.074
-42.157993 -0.66116 53687.150008 19.926 0.129 53687.151674 18.84 0.02 53687.148341 18.83 0.016 53687.149174 18.851 0.016 53687.150841 18.887 0.048
-42.157993 -0.66116 53694.12555 20.525 0.186 53694.127216 -99.99 0.026 53694.123883 19.275 0.028 53694.124716 -99.99 0.035 53694.126383 19.195 0.142
-42.157993 -0.66116 53697.109637 20.674 0.443 53697.111303 19.262 0.047 53697.10797 19.094 0.064 53697.108803 19.152 0.072 53697.11047 19.301 0.31
-42.157993 -0.66116 53700.108599 -99.99 0.092 53700.110265 -99.99 0.014 53700.106932 18.768 0.012 53700.107765 -99.99 0.052 53700.109432 -99.99 0.14
-42.157993 -0.66116 53705.095269 20.593 0.1 53705.096935 19.346 0.014 53705.093602 19.168 0.015 53705.094435 19.084 0.017 53705.096102 19.001 0.058
-42.157993 -0.66116 53975.180263 20.701 0.1 53975.181929 19.431 0.015 53975.178596 19.219 0.015 53975.179429 19.178 0.02 53975.181096 19.057 0.058
-42.157993 -0.66116 53996.186993 20.643 0.063 53996.18866 19.373 0.016 53996.185327 19.183 0.014 53996.18616 19.146 0.016 53996.187827 18.969 0.04
-42.157993 -0.66116 53998.155613 20.626 0.064 53998.15728 19.42 0.016 53998.153946 19.19 0.017 53998.15478 19.151 0.016 53998.156446 19.16 0.041
-42.157993 -0.66116 54005.192867 20.382 0.06 54005.194533 19.155 0.015 54005.1912 19.01 0.023 54005.192033 18.995 0.016 54005.1937 18.928 0.037
-42.157993 -0.66116 54010.141093 20.566 0.098 54010.14276 19.421 0.021 54010.139426 19.215 0.017 54010.14026 19.185 0.016 54010.141926 19.068 0.037
-42.157993 -0.66116 54012.133938 20.353 0.137 54012.135605 19.266 0.027 54012.132271 19.154 0.025 54012.133105 19.094 0.022 54012.134771 19.025 0.046
-42.157993 -0.66116 54020.139919 20.676 0.074 54020.141585 19.419 0.014 54020.138252 19.254 0.013 54020.139085 19.157 0.016 54020.140752 19.041 0.042
-42.157993 -0.66116 54022.189197 -99.99 0.061 54022.190864 -99.99 0.015 54022.187531 -99.99 0.126 54022.188364 -99.99 0.037 54022.190031 18.814 0.051
-42.157993 -0.66116 54028.130287 20.47 0.089 54028.131953 19.023 0.015 54028.12862 18.977 0.015 54028.129453 18.956 0.02 54028.13112 18.891 0.054
-42.157993 -0.66116 54030.133476 20.665 0.069 54030.135142 19.342 0.015 54030.131809 19.164 0.013 54030.132642 19.138 0.013 54030.134309 19.128 0.038
-42.157993 -0.66116 54032.122736 20.487 0.098 54032.124403 19.45 0.018 54032.121069 19.228 0.02 54032.121903 19.214 0.022 54032.123569 19.238 0.068
-42.157993 -0.66116 54034.192973 -99.99 0.07 54034.19464 18.779 0.016 54034.191306 18.756 0.016 54034.19214 18.781 0.02 54034.193806 18.856 0.06
-42.157993 -0.66116 54037.114713 20.182 0.06 54037.11638 18.783 0.02 54037.113046 18.794 0.014 54037.11388 18.81 0.016 54037.115546 18.853 0.035
-42.157993 -0.66116 54040.129195 20.255 0.122 54040.130861 19.184 0.024 54040.127528 19.009 0.022 54040.128361 18.974 0.021 54040.130028 19.06 0.055
-42.157993 -0.66116 54050.113832 20.342 0.076 54050.115499 19.003 0.015 54050.112166 18.891 0.021 54050.112999 18.906 0.017 54050.114666 18.921 0.055
-42.157993 -0.66116 54053.120007 20.594 0.09 54053.121674 19.387 0.015 54053.11834 19.204 0.017 54053.119174 19.128 0.019 54053.12084 19.131 0.072
-42.157993 -0.66116 54056.121754 -99.99 0.176 54056.123421 19.214 0.022 54056.120088 19.157 0.02 54056.120921 19.217 0.032 54056.122588 19.227 0.094
-42.157993 -0.66116 54057.090316 20.436 0.072 54057.091982 19.283 0.017 54057.088649 19.16 0.018 54057.089482 19.091 0.02 54057.091149 19.073 0.058
-42.157993 -0.66116 54059.115987 20.105 0.073 54059.117654 18.795 0.014 54059.11432 -99.99 0.025 54059.115154 -99.99 0.04 54059.11682 18.874 0.045
-42.157993 -0.66116 54061.127007 20.377 0.093 54061.128674 19.048 0.027 54061.12534 18.949 0.017 54061.126174 18.954 0.021 54061.12784 18.859 0.058
-42.157993 -0.66116 54062.120838 20.301 0.095 54062.122505 19.169 0.018 54062.119172 19.019 0.017 54062.120005 19.02 0.022 54062.121672 19.092 0.088
-42.157993 -0.66116 54068.110815 19.937 0.143 54068.112481 18.965 0.025 54068.109148 18.941 0.023 54068.109981 18.941 0.034 54068.111648 18.929 0.073
-42.157993 -0.66116 54357.159137 20.665 0.075 54357.160803 19.407 0.024 54357.15747 19.244 0.017 54357.158303 19.152 0.016 54357.15997 19.1 0.045
-42.157993 -0.66116 54365.157003 20.388 0.116 54365.15867 19.151 0.022 54365.155336 19.013 0.018 54365.15617 18.982 0.019 54365.157836 19.072 0.053
-42.157993 -0.66116 54385.206961 20.377 0.074 54385.208627 19.097 0.014 54385.205294 18.989 0.018 54385.206127 18.973 0.016 54385.207794 19.016 0.041
-42.157993 -0.66116 54387.207464 20.636 0.11 54387.209131 19.426 0.016 54387.205798 19.206 0.014 54387.206631 19.144 0.019 54387.208298 19.16 0.06
-42.157993 -0.66116 54392.202212 20.336 0.151 54392.203878 18.831 0.017 54392.200545 18.829 0.021 54392.201378 18.857 0.025 54392.203045 18.953 0.066
-42.157993 -0.66116 54402.200667 20.142 0.16 54402.202333 19.108 0.025 54402.199 19.046 0.021 54402.199833 18.954 0.019 54402.2015 18.928 0.049
