-49.688349 -0.872544 52075.323331 17.822 0.012 52075.324997 16.514 0.004 52075.321664 16.258 0.004 52075.322497 16.169 0.004 52075.324164 16.134 0.007
-49.688349 -0.872544 52197.131976 18.205 0.013 52197.133642 16.874 0.004 52197.130309 16.544 0.005 52197.131142 16.417 0.005 52197.132809 16.343 0.008
-49.688349 -0.872544 52557.169829 17.943 0.012 52557.171495 16.637 0.004 52557.168162 16.344 0.004 52557.168995 16.226 0.004 52557.170662 16.169 0.007
-49.688349 -0.872544 52929.09613 18.168 0.013 52929.097796 16.882 0.004 52929.094463 16.546 0.004 52929.095296 16.417 0.005 52929.096963 16.369 0.008
-49.688349 -0.872544 52934.076286 17.594 0.01 52934.077952 16.279 0.004 52934.074619 16.127 0.004 52934.075452 16.087 0.004 52934.077119 16.081 0.007
-49.688349 -0.872544 52936.072212 18.037 0.012 52936.073878 16.729 0.004 52936.070545 16.397 0.004 52936.071378 16.268 0.005 52936.073045 16.202 0.008
-49.688349 -0.872544 53243.257425 18.098 0.02 53243.259091 16.848 0.005 53243.255758 16.5 0.004 53243.256591 16.37 0.004 53243.258258 16.317 0.008
-49.688349 -0.872544 53270.136275 18.113 0.023 53270.137942 16.842 0.011 53270.134609 16.481 0.009 53270.135442 16.341 0.013 53270.137109 16.285 0.014
-49.688349 -0.872544 53272.186223 17.547 0.013 53272.187889 16.225 0.004 53272.184556 16.114 0.004 53272.185389 16.065 0.004 53272.187056 16.055 0.007
-49.688349 -0.872544 53288.113427 18.122 0.014 53288.115093 16.823 0.004 53288.11176 16.481 0.004 53288.112593 16.349 0.004 53288.11426 16.302 0.008
-49.688349 -0.872544 53302.109097 17.567 0.013 53302.110763 16.228 0.004 53302.10743 16.106 0.005 53302.108263 16.042 0.005 53302.10993 16.092 0.007
-49.688349 -0.872544 53312.064628 18.09 0.018 53312.066295 16.823 0.007 53312.062961 16.473 0.006 53312.063795 16.348 0.008 53312.065461 16.308 0.014
-49.688349 -0.872544 53314.065824 17.567 0.01 53314.06749 16.277 0.004 53314.064157 16.154 0.004 53314.06499 16.187 0.005 53314.066657 16.106 0.007
-49.688349 -0.872544 53623.160407 18.064 0.014 53623.162073 16.749 0.004 53623.15874 16.417 0.004 53623.159573 16.292 0.005 53623.16124 16.232 0.008
-49.688349 -0.872544 53626.146619 18.067 0.017 53626.148285 16.754 0.005 53626.144952 16.413 0.005 53626.145785 16.295 0.005 53626.147452 16.243 0.008
-49.688349 -0.872544 53628.131484 18.146 0.023 53628.13315 16.907 0.005 53628.129817 16.549 0.005 53628.13065 16.427 0.005 53628.132317 16.371 0.009
-49.688349 -0.872544 53637.133097 18.232 0.017 53637.134763 16.914 0.004 53637.13143 16.576 0.004 53637.132263 16.461 0.004 53637.13393 16.397 0.01
-49.688349 -0.872544 53644.125549 18.055 0.017 53644.127216 16.779 0.01 53644.123883 16.455 0.016 53644.124716 16.309 0.008 53644.126383 16.241 0.018
-49.688349 -0.872544 53649.120167 18.214 0.037 53649.121833 16.951 0.01 53649.1185 16.608 0.011 53649.119333 16.474 0.009 53649.121 -99.99 0.023
-49.688349 -0.872544 53654.160169 17.859 0.015 53654.161835 16.55 0.004 53654.158502 -99.99 0.008 53654.159335 16.173 0.005 53654.161002 16.151 0.008
-49.688349 -0.872544 53656.107757 18.09 0.023 53656.109423 16.791 0.005 53656.10609 16.446 0.004 53656.106923 16.312 0.004 53656.10859 16.264 0.009
-49.688349 -0.872544 53665.099036 18.155 0.044 53665.100702 16.814 0.008 53665.097369 16.468 0.008 53665.098202 16.331 0.009 53665.099869 16.297 0.024
-49.688349 -0.872544 53668.110669 18.106 0.016 53668.112335 -99.99 0.004 53668.109002 16.466 0.004 53668.109835 16.321 0.004 53668.111502 16.287 0.009
-49.688349 -0.872544 53670.115522 17.968 0.013 53670.117188 16.669 0.004 53670.113855 16.446 0.004 53670.114688 16.342 0.004 53670.116355 16.326 0.008
-49.688349 -0.872544 53673.083503 18.188 0.014 53673.085169 16.88 0.004 53673.081836 16.581 0.004 53673.082669 16.454 0.004 53673.084336 16.408 0.008
-49.688349 -0.872544 53675.080393 17.792 0.011 53675.082059 16.469 0.004 53675.078726 16.241 0.004 53675.079559 16.157 0.004 53675.081226 16.117 0.007
-49.688349 -0.872544 53677.101426 18.158 0.013 53677.103092 16.831 0.005 53677.099759 16.48 0.005 53677.100592 16.344 0.005 53677.102259 16.292 0.008
-49.688349 -0.872544 53680.08809 18.166 0.014 53680.089756 16.822 0.005 53680.086423 16.485 0.005 53680.087256 16.256 0.005 53680.088923 16.292 0.008
-49.688349 -0.872544 53693.089997 17.892 0.013 53693.091663 16.583 0.004 53693.08833 16.301 0.004 53693.089163 16.202 0.005 53693.09083 16.158 0.007
-49.688349 -0.872544 53702.085671 17.947 0.02 53702.087338 16.6 0.009 53702.084004 16.306 0.007 53702.084838 16.192 0.008 53702.086504 16.158 0.015
-49.688349 -0.872544 53703.094799 17.614 0.016 53703.096466 16.277 0.021 53703.093132 16.127 0.008 53703.093966 16.1 0.007 53703.095632 -99.99 0.056
-49.688349 -0.872544 53704.073326 18.139 0.015 53704.074992 16.824 0.004 53704.071659 16.492 0.004 53704.072492 16.361 0.004 53704.074159 16.283 0.008
-49.688349 -0.872544 53974.161266 17.764 0.016 53974.162932 16.488 0.008 53974.159599 16.327 0.013 53974.160432 16.263 0.014 53974.162099 16.204 0.014
-49.688349 -0.872544 53989.150701 17.65 0.021 53989.152367 16.352 0.01 53989.149034 16.22 0.013 53989.149867 16.115 0.022 53989.151534 16.13 0.016
-49.688349 -0.872544 53995.158616 17.554 0.014 53995.160282 16.209 0.009 53995.156949 16.131 0.007 53995.157782 16.102 0.008 53995.159449 16.092 0.015
-49.688349 -0.872544 53997.136989 17.954 0.022 53997.138656 16.629 0.009 53997.135322 16.305 0.013 53997.136156 16.157 0.02 53997.137822 16.22 0.025
-49.688349 -0.872544 54005.108839 18.138 0.017 54005.110506 16.825 0.009 54005.107172 16.498 0.005 54005.108006 16.339 0.006 54005.109672 16.287 0.015
-49.688349 -0.872544 54007.121603 17.601 0.016 54007.123269 16.289 0.008 54007.119936 16.135 0.01 54007.120769 16.153 0.009 54007.122436 16.099 0.012
-49.688349 -0.872544 54009.1187 17.94 0.019 54009.120366 16.669 0.014 54009.117033 16.359 0.01 54009.117866 16.198 0.009 54009.119533 16.192 0.021
-49.688349 -0.872544 54011.183203 18.226 0.023 54011.184869 16.923 0.011 54011.181536 16.568 0.011 54011.182369 16.44 0.011 54011.184036 16.392 0.015
-49.688349 -0.872544 54019.133408 17.609 0.016 54019.135074 16.23 0.009 54019.131741 16.082 0.008 54019.132574 16.07 0.02 54019.134241 16.072 0.015
-49.688349 -0.872544 54025.182231 17.782 0.015 54025.183897 16.458 0.011 54025.180564 16.246 0.006 54025.181397 16.116 0.01 54025.183064 16.086 0.012
-49.688349 -0.872544 54029.112542 18.185 0.02 54029.114209 16.881 0.012 54029.110875 16.54 0.006 54029.111709 16.411 0.01 54029.113375 16.344 0.015
-49.688349 -0.872544 54051.089121 18.109 0.031 54051.090788 16.751 0.014 54051.087455 16.442 0.014 54051.088288 16.271 0.017 54051.089955 -99.99 0.025
-49.688349 -0.872544 54356.190705 17.826 0.017 54356.192372 16.529 0.015 54356.189038 16.261 0.008 54356.189872 16.197 0.009 54356.191538 16.15 0.023
-49.688349 -0.872544 54358.135772 18.105 0.018 54358.137439 16.772 0.013 54358.134105 16.444 0.006 54358.134939 16.281 0.008 54358.136605 16.223 0.015
-49.688349 -0.872544 54373.167873 18.163 0.02 54373.16954 16.838 0.012 54373.166207 16.504 0.007 54373.16704 16.355 0.011 54373.168707 16.311 0.016
-49.688349 -0.872544 54381.180563 17.58 0.016 54381.18223 16.289 0.014 54381.178897 16.143 0.012 54381.17973 16.112 0.008 54381.181397 16.108 0.021
-49.688349 -0.872544 54382.177968 18.136 0.029 54382.179635 16.795 0.01 54382.176302 16.506 0.003 54382.177135 16.348 0.02 54382.178802 16.306 0.013
-49.688349 -0.872544 54383.183713 17.956 0.016 54383.18538 16.654 0.011 54383.182047 16.323 0.012 54383.18288 16.234 0.011 54383.184547 16.193 0.015
-49.688349 -0.872544 54386.180716 17.948 0.015 54386.182383 16.675 0.012 54386.17905 16.323 0.006 54386.179883 16.231 0.007 54386.18155 16.188 0.015
-49.688349 -0.872544 54388.184991 18.177 0.018 54388.186658 16.854 0.01 54388.183324 16.517 0.008 54388.184158 16.344 0.008 54388.185824 16.321 0.012
-49.688349 -0.872544 54403.098758 18.149 0.021 54403.100424 16.848 0.008 54403.097091 16.487 0.006 54403.097924 16.349 0.015 54403.099591 16.309 0.012
-49.688349 -0.872544 54406.092587 18.123 0.019 54406.094254 16.819 0.011 54406.090921 16.476 0.005 54406.091754 16.343 0.01 54406.093421 16.309 0.014
-49.688349 -0.872544 54412.095521 18.152 0.02 54412.097188 16.832 0.011 54412.093855 16.489 0.008 54412.094688 16.362 0.01 54412.096355 16.318 0.019
-49.688349 -0.872544 54415.133075 18.147 0.016 54415.134742 16.886 0.017 54415.131409 16.505 0.006 54415.132242 16.327 0.011 54415.133909 16.329 0.013
