-6.342409 1.165927 51075.282291 20.966 0.109 51075.283957 19.8 0.017 51075.280624 19.551 0.02 51075.281457 19.47 0.03 51075.283124 19.362 0.097
-6.342409 1.165927 52196.282833 21.316 0.132 52196.284499 20.093 0.019 52196.281166 19.726 0.019 52196.281999 19.636 0.029 52196.283666 19.565 0.087
-6.342409 1.165927 52197.295941 20.727 0.079 52197.297607 19.51 0.014 52197.294274 19.437 0.017 52197.295107 19.383 0.022 52197.296774 19.5 0.072
-6.342409 1.165927 52225.146096 21.379 0.111 52225.147762 20.066 0.017 52225.144429 19.787 0.02 52225.145262 19.652 0.025 52225.146929 19.545 0.074
-6.342409 1.165927 52231.181879 21.204 0.102 52231.183545 20.053 0.017 52231.180212 19.731 0.019 52231.181045 19.648 0.025 52231.182712 19.485 0.066
-6.342409 1.165927 52253.168054 20.853 0.137 52253.16972 19.728 0.019 52253.166387 19.523 0.021 52253.16722 19.445 0.027 52253.168887 19.505 0.092
-6.342409 1.165927 52557.289884 21.117 0.118 52557.29155 19.941 0.018 52557.288217 19.659 0.019 52557.28905 19.579 0.026 52557.290717 19.556 0.08
-6.342409 1.165927 52578.185965 21.307 0.12 52578.187631 20.095 0.018 52578.184298 19.761 0.019 52578.185131 19.62 0.027 52578.186798 19.643 0.088
-6.342409 1.165927 52908.264449 20.938 0.101 52908.266115 19.815 0.017 52908.262782 19.626 0.018 52908.263615 19.505 0.024 52908.265282 19.484 0.086
-6.342409 1.165927 52911.278234 21.398 0.151 52911.2799 20.176 0.02 52911.276567 19.877 0.022 52911.2774 19.747 0.03 52911.279067 19.601 0.094
-6.342409 1.165927 52930.155609 21.342 0.145 52930.157275 20.12 0.021 52930.153942 19.857 0.02 52930.154775 19.713 0.028 52930.156442 19.659 0.095
-6.342409 1.165927 52934.19635 21.058 0.124 52934.198016 19.931 0.017 52934.194683 19.749 0.021 52934.195516 19.645 0.028 52934.197183 19.571 0.087
-6.342409 1.165927 52936.192276 21.172 0.104 52936.193942 20.166 0.02 52936.190609 19.889 0.021 52936.191442 19.827 0.028 52936.193109 19.481 0.074
-6.342409 1.165927 52962.117797 21.263 0.132 52962.119463 20.095 0.02 52962.11613 19.785 0.023 52962.116963 19.65 0.029 52962.11863 19.659 0.097
-6.342409 1.165927 53270.256339 21.429 0.13 53270.258005 20.123 0.02 53270.254672 19.843 0.021 53270.255505 19.706 0.026 53270.257172 19.628 0.075
-6.342409 1.165927 53272.306281 21.21 0.199 53272.307947 20.151 0.035 53272.304614 19.837 0.028 53272.305447 19.753 0.036 53272.307114 19.616 0.09
-6.342409 1.165927 53286.274999 21.423 0.193 53286.276665 20.064 0.025 53286.273332 19.839 0.03 53286.274165 19.611 0.031 53286.275832 19.571 0.097
-6.342409 1.165927 53288.23349 21.15 0.106 53288.235156 19.985 0.016 53288.231823 19.738 0.018 53288.232656 19.56 0.023 53288.234323 19.543 0.069
-6.342409 1.165927 53294.260877 21.413 0.171 53294.262544 20.016 0.027 53294.259211 19.744 0.022 53294.260044 19.559 0.031 53294.261711 19.348 0.07
-6.342409 1.165927 53302.229157 21.046 0.231 53302.230823 19.835 0.036 53302.22749 19.6 0.035 53302.228323 19.539 0.039 53302.22999 19.376 0.086
-6.342409 1.165927 53312.184733 20.763 0.089 53312.1864 19.506 0.023 53312.183067 19.356 0.023 53312.1839 19.361 0.025 53312.185567 19.472 0.093
-6.342409 1.165927 53314.185885 20.606 0.079 53314.187551 19.443 0.012 53314.184218 19.342 0.017 53314.185051 19.364 0.025 53314.186718 19.409 0.088
-6.342409 1.165927 53616.290253 20.727 0.117 53616.291919 19.697 0.017 53616.288586 19.509 0.02 53616.289419 19.514 0.029 53616.291086 19.553 0.109
-6.342409 1.165927 53623.280464 21.689 0.236 53623.28213 20.087 0.033 53623.278797 19.795 0.02 53623.27963 19.643 0.027 53623.281297 19.51 0.084
-6.342409 1.165927 53626.266676 20.537 0.087 53626.268342 19.472 0.017 53626.265009 19.318 0.018 53626.265842 19.313 0.024 53626.267509 19.233 0.065
-6.342409 1.165927 53628.251541 20.688 0.193 53628.253207 19.334 0.025 53628.249874 19.305 0.024 53628.250707 19.318 0.029 53628.252374 19.426 0.093
-6.342409 1.165927 53637.253158 21.097 0.193 53637.254824 20.131 0.035 53637.251491 19.747 0.031 53637.252324 19.674 0.04 53637.253991 19.62 0.123
-6.342409 1.165927 53639.298523 21.467 0.159 53639.300189 20.067 0.02 53639.296856 19.758 0.019 53639.297689 19.663 0.026 53639.299356 19.557 0.078
-6.342409 1.165927 53644.245601 21.425 0.121 53644.247267 20.232 0.02 53644.243934 19.971 0.021 53644.244767 19.862 0.025 53644.246434 19.85 0.078
-6.342409 1.165927 53654.280226 21.615 0.17 53654.281892 20.268 0.02 53654.278559 19.927 0.023 53654.279392 19.805 0.03 53654.281059 19.705 0.094
-6.342409 1.165927 53656.22782 -99.99 0.42 53656.229486 20.133 0.054 53656.226153 19.836 0.052 53656.226986 19.792 0.065 53656.228653 19.997 0.17
-6.342409 1.165927 53663.241129 20.756 0.149 53663.242795 19.604 0.023 53663.239462 19.449 0.02 53663.240295 19.441 0.025 53663.241962 19.345 0.063
-6.342409 1.165927 53668.230731 21.15 0.181 53668.232397 20.108 0.024 53668.229064 19.789 0.026 53668.229897 19.636 0.04 53668.231564 19.804 0.16
-6.342409 1.165927 53670.235582 21.507 0.144 53670.237248 20.098 0.018 53670.233915 19.802 0.02 53670.234748 19.67 0.027 53670.236415 19.65 0.083
-6.342409 1.165927 53673.203566 20.641 0.08 53673.205232 19.39 0.012 53673.201899 19.329 0.016 53673.202732 19.382 0.022 53673.204399 19.361 0.068
-6.342409 1.165927 53675.200455 20.702 0.111 53675.202121 19.515 0.014 53675.198788 19.451 0.021 53675.199621 19.427 0.031 53675.201288 19.272 0.078
-6.342409 1.165927 53677.221485 20.682 0.073 53677.223151 19.427 0.012 53677.219818 19.384 0.015 53677.220651 19.363 0.02 53677.222318 19.403 0.098
-6.342409 1.165927 53680.208151 21.283 0.13 53680.209817 20.038 0.019 53680.206484 19.718 0.02 53680.207317 19.59 0.026 53680.208984 19.65 0.074
-6.342409 1.165927 53693.210049 21.429 0.336 53693.211715 20.275 0.048 53693.208382 19.934 0.034 53693.209215 19.789 0.035 53693.210882 19.676 0.098
-6.342409 1.165927 53704.193375 21.016 0.115 53704.195041 19.607 0.014 53704.191708 19.49 0.017 53704.192541 19.443 0.024 53704.194208 19.35 0.07
-6.342409 1.165927 53974.286037 21.136 0.103 53974.287703 20.111 0.016 53974.28437 19.799 0.017 53974.285203 19.675 0.022 53974.28687 19.585 0.069
-6.342409 1.165927 53989.289561 20.765 0.156 53989.291227 19.612 0.029 53989.287894 19.486 0.027 53989.288727 19.537 0.033 53989.290394 19.444 0.074
-6.342409 1.165927 53997.385081 20.671 0.093 53997.386747 -99.99 0.034 53997.383414 19.283 0.018 53997.384247 -99.99 0.025 53997.385914 -99.99 0.055
-6.342409 1.165927 54000.264843 21.409 0.165 54000.266509 19.847 0.023 54000.263176 19.642 0.023 54000.264009 19.508 0.029 54000.265676 19.502 0.089
-6.342409 1.165927 54007.314993 21.473 0.16 54007.31666 20.285 0.024 54007.313327 19.903 0.024 54007.31416 19.833 0.031 54007.315827 19.874 0.103
-6.342409 1.165927 54009.238759 21.119 0.119 54009.240426 20.129 0.026 54009.237093 19.809 0.022 54009.237926 19.675 0.031 54009.239593 -99.99 0.088
-6.342409 1.165927 54011.303265 21.367 0.182 54011.304931 20.112 0.03 54011.301598 19.821 0.028 54011.302431 -99.99 0.032 54011.304098 -99.99 0.084
-6.342409 1.165927 54019.253475 21.321 0.275 54019.255142 20.126 0.03 54019.251808 19.839 0.03 54019.252642 19.704 0.036 54019.254308 19.547 0.089
-6.342409 1.165927 54025.302357 21.144 0.159 54025.304024 20.135 0.024 54025.300691 19.845 0.03 54025.301524 19.724 0.037 54025.303191 19.811 0.13
-6.342409 1.165927 54029.232613 21.168 0.114 54029.23428 20.033 0.021 54029.230946 19.757 0.021 54029.23178 19.584 0.027 54029.233446 19.58 0.087
-6.342409 1.165927 54348.300001 21.448 0.165 54348.301667 20.319 0.026 54348.298334 19.998 0.026 54348.299167 19.799 0.031 54348.300834 19.756 0.094
-6.342409 1.165927 54358.255835 21.195 0.187 54358.257502 20.147 0.024 54358.254169 19.83 0.024 54358.255002 19.694 0.031 54358.256669 19.708 0.107
-6.342409 1.165927 54365.288914 20.816 0.138 54365.290581 19.633 0.031 54365.287248 -99.99 0.045 54365.288081 19.416 0.034 54365.289748 19.325 0.089
-6.342409 1.165927 54373.363251 20.658 0.285 54373.364918 19.658 0.039 54373.361585 19.507 0.043 54373.362418 19.484 0.043 54373.364085 19.331 0.075
-6.342409 1.165927 54381.308461 20.464 0.066 54381.310127 19.341 0.02 54381.306794 19.273 0.02 54381.307627 19.299 0.026 54381.309294 19.193 0.051
-6.342409 1.165927 54386.300785 -99.99 0.184 54386.302452 20.121 0.022 54386.299119 19.73 0.02 54386.299952 19.626 0.026 54386.301619 19.584 0.076
-6.342409 1.165927 54388.305092 21.077 0.121 54388.306759 20.064 0.019 54388.303425 19.734 0.021 54388.304259 19.614 0.026 54388.305925 19.625 0.078
-6.342409 1.165927 54403.21884 21.177 0.199 54403.220506 20.149 0.038 54403.217173 19.764 0.029 54403.218006 19.678 0.033 54403.219673 19.61 0.094
-6.342409 1.165927 54404.276415 20.802 0.135 54404.278081 19.808 0.028 54404.274748 19.545 0.022 54404.275581 19.492 0.025 54404.277248 19.47 0.066
-6.342409 1.165927 54405.274349 21.147 0.152 54405.276016 20.182 0.029 54405.272683 19.828 0.026 54405.273516 19.765 0.035 54405.275183 19.621 0.082
-6.342409 1.165927 54406.21269 20.619 0.085 54406.214356 19.567 0.022 54406.211023 19.407 0.018 54406.211856 19.409 0.028 54406.213523 19.341 0.067
