-47.467818 -0.283222 52172.238815 18.242 0.015 52172.240481 16.982 0.005 52172.237148 17.034 0.006 52172.237981 17.066 0.007 52172.239648 17.064 0.012
-47.467818 -0.283222 52576.100767 19.199 0.026 52576.102433 17.988 0.006 52576.0991 17.667 0.006 52576.099933 17.541 0.007 52576.1016 17.472 0.017
-47.467818 -0.283222 52577.075999 19.084 0.024 52577.077665 17.86 0.006 52577.074332 17.549 0.006 52577.075165 17.446 0.007 52577.076832 17.379 0.017
-47.467818 -0.283222 52930.089331 19.165 0.025 52930.090997 17.991 0.006 52930.087664 17.679 0.006 52930.088497 17.533 0.007 52930.090164 17.476 0.016
-47.467818 -0.283222 52931.090161 19.084 0.023 52931.091827 17.868 0.006 52931.088494 17.562 0.006 52931.089327 17.429 0.006 52931.090994 17.364 0.014
-47.467818 -0.283222 52935.087124 19.235 0.026 52935.08879 17.98 0.006 52935.085457 17.672 0.006 52935.08629 17.543 0.007 52935.087957 17.484 0.015
-47.467818 -0.283222 53313.080325 18.975 0.029 53313.081991 17.719 0.005 53313.078658 17.453 0.006 53313.079491 17.344 0.007 53313.081158 17.289 0.019
-47.467818 -0.283222 53622.189575 19.159 0.034 53622.191241 17.987 0.006 53622.187908 17.675 0.006 53622.188741 17.536 0.007 53622.190408 17.45 0.018
-47.467818 -0.283222 53625.18554 18.486 0.019 53625.187206 17.239 0.006 53625.183873 17.145 0.006 53625.184706 17.136 0.007 53625.186373 17.127 0.013
-47.467818 -0.283222 53634.139044 19.045 0.045 53634.14071 17.832 0.008 53634.137377 17.497 0.007 53634.13821 -99.99 0.008 53634.139877 17.287 0.018
-47.467818 -0.283222 53636.144575 18.304 0.016 53636.146241 17.02 0.005 53636.142908 16.994 0.005 53636.143741 17.013 0.006 53636.145408 17.054 0.012
-47.467818 -0.283222 53645.204244 19.173 0.029 53645.20591 17.995 0.006 53645.202577 17.64 0.006 53645.20341 17.506 0.007 53645.205077 17.484 0.02
-47.467818 -0.283222 53655.116581 19.152 0.035 53655.118247 18.006 0.008 53655.114914 17.661 0.007 53655.115747 17.514 0.008 53655.117414 17.474 0.016
-47.467818 -0.283222 53657.204 19.013 0.107 53657.205666 17.768 0.016 53657.202333 17.483 0.011 53657.203166 17.355 0.011 53657.204833 17.349 0.035
-47.467818 -0.283222 53664.14154 18.192 0.018 53664.143206 16.929 0.005 53664.139873 16.97 0.005 53664.140706 17.006 0.006 53664.142373 17.016 0.013
-47.467818 -0.283222 53666.10514 19.176 0.025 53666.106806 17.993 0.006 53666.103473 17.657 0.006 53666.104306 17.51 0.007 53666.105973 17.462 0.016
-47.467818 -0.283222 53669.10078 18.126 0.014 53669.102446 16.871 0.004 53669.099113 16.896 0.005 53669.099946 16.959 0.006 53669.101613 16.971 0.011
-47.467818 -0.283222 53674.085014 18.343 0.016 53674.08668 17.071 0.005 53674.083347 17.027 0.005 53674.08418 17.048 0.006 53674.085847 17.07 0.012
-47.467818 -0.283222 53681.137911 19.064 0.078 53681.139577 17.965 0.023 53681.136244 17.721 0.012 53681.137077 -99.99 0.021 53681.138744 -99.99 0.084
-47.467818 -0.283222 53685.096952 18.39 0.034 53685.098618 17.188 0.007 53685.095285 17.091 0.006 53685.096118 17.098 0.007 53685.097785 17.078 0.015
-47.467818 -0.283222 53687.135304 19.11 0.059 53687.13697 17.979 0.01 53687.133637 17.657 0.007 53687.13447 17.592 0.008 53687.136137 17.533 0.017
-47.467818 -0.283222 53694.110847 19.124 0.049 53694.112513 17.955 0.007 53694.10918 -99.99 0.008 53694.110013 -99.99 0.009 53694.11168 -99.99 0.028
-47.467818 -0.283222 53697.094933 18.837 0.068 53697.096599 17.723 0.014 53697.093266 17.596 0.016 53697.094099 17.495 0.017 53697.095766 17.494 0.054
-47.467818 -0.283222 53700.093896 18.961 0.025 53700.095562 17.789 0.006 53700.092229 17.491 0.006 53700.093062 17.367 0.006 53700.094729 17.335 0.015
-47.467818 -0.283222 53705.080565 19.094 0.029 53705.082231 17.889 0.006 53705.078898 17.579 0.006 53705.079731 17.42 0.007 53705.081398 17.368 0.017
-47.467818 -0.283222 53975.165557 19.161 0.034 53975.167223 17.929 0.01 53975.16389 17.658 0.013 53975.164723 17.512 0.012 53975.16639 17.504 0.023
-47.467818 -0.283222 53996.172281 18.141 0.017 53996.173948 16.874 0.006 53996.170615 16.872 0.021 53996.171448 16.937 0.007 53996.173115 17.004 0.017
-47.467818 -0.283222 53998.140907 19.216 0.025 53998.142573 18.014 0.01 53998.13924 17.662 0.009 53998.140073 17.488 0.008 53998.14174 17.47 0.016
-47.467818 -0.283222 54005.178171 19.028 0.024 54005.179838 17.801 0.008 54005.176504 17.495 0.009 54005.177338 17.381 0.011 54005.179004 17.324 0.017
-47.467818 -0.283222 54010.126386 19.007 0.028 54010.128052 17.812 0.012 54010.124719 17.5 0.009 54010.125552 17.359 0.013 54010.127219 17.305 0.018
-47.467818 -0.283222 54012.11924 18.169 0.023 54012.120907 16.903 0.01 54012.117573 16.91 0.012 54012.118407 16.972 0.013 54012.120073 16.989 0.017
-47.467818 -0.283222 54020.125212 19.233 0.028 54020.126879 18.013 0.008 54020.123546 17.667 0.01 54020.124379 17.528 0.007 54020.126046 17.487 0.019
-47.467818 -0.283222 54022.174497 18.903 0.029 54022.176164 -99.99 0.01 54022.172831 17.393 0.009 54022.173664 17.298 0.01 54022.175331 17.291 0.017
-47.467818 -0.283222 54028.115591 18.422 0.023 54028.117257 17.175 0.032 54028.113924 17.092 0.007 54028.114757 17.123 0.015 54028.116424 17.105 0.019
-47.467818 -0.283222 54030.118772 19.114 0.023 54030.120439 17.947 0.009 54030.117105 17.646 0.011 54030.117939 17.522 0.009 54030.119605 17.469 0.018
-47.467818 -0.283222 54032.108354 18.975 0.031 54032.110021 -99.99 0.009 54032.106687 17.486 0.008 54032.107521 -99.99 0.011 54032.109187 -99.99 0.023
-47.467818 -0.283222 54034.178283 18.532 0.025 54034.179949 -99.99 0.008 54034.176616 17.153 0.007 54034.177449 -99.99 0.029 54034.179116 -99.99 0.021
-47.467818 -0.283222 54037.100018 19.144 0.028 54037.101685 17.889 0.008 54037.098351 17.568 0.009 54037.099185 17.441 0.008 54037.100851 17.4 0.017
-47.467818 -0.283222 54040.114492 18.625 0.027 54040.116159 17.504 0.012 54040.112826 17.446 0.009 54040.113659 17.362 0.012 54040.115326 17.292 0.024
-47.467818 -0.283222 54050.099122 18.379 0.02 54050.100789 17.157 0.007 54050.097455 17.095 0.008 54050.098289 17.098 0.008 54050.099955 17.077 0.019
-47.467818 -0.283222 54053.105321 19.189 0.032 54053.106988 18.025 0.011 54053.103655 17.638 0.014 54053.104488 17.502 0.03 54053.106155 17.465 0.022
-47.467818 -0.283222 54056.106955 18.15 0.047 54056.108622 16.94 0.012 54056.105289 16.891 0.017 54056.106122 17.004 0.019 54056.107789 17.007 0.02
-47.467818 -0.283222 54057.075616 19.112 0.029 54057.077283 17.941 0.012 54057.073949 17.635 0.011 54057.074783 17.518 0.009 54057.076449 17.535 0.027
-47.467818 -0.283222 54059.10124 19.172 0.033 54059.102907 17.923 0.006 54059.099573 17.589 0.011 54059.100407 17.437 0.014 54059.102073 17.387 0.022
-47.467818 -0.283222 54061.112299 18.501 0.022 54061.113966 17.288 0.009 54061.110632 17.15 0.012 54061.111466 17.116 0.014 54061.113132 17.134 0.02
-47.467818 -0.283222 54062.106145 18.541 0.024 54062.107812 17.445 0.01 54062.104478 17.412 0.013 54062.105312 17.3 0.012 54062.106978 17.262 0.021
-47.467818 -0.283222 54068.096219 19.166 0.07 54068.097886 18.016 0.014 54068.094552 17.707 0.012 54068.095386 17.588 0.012 54068.097052 17.524 0.025
-47.467818 -0.283222 54357.14443 19.169 0.035 54357.146097 17.979 0.012 54357.142763 17.68 0.016 54357.143597 17.543 0.022 54357.145263 17.457 0.021
-47.467818 -0.283222 54365.142283 18.795 0.04 54365.143949 17.492 0.01 54365.140616 17.287 0.016 54365.141449 17.213 0.013 54365.143116 17.178 0.022
-47.467818 -0.283222 54385.192259 19.225 0.031 54385.193925 17.975 0.012 54385.190592 17.658 0.01 54385.191425 17.5 0.011 54385.193092 17.463 0.019
-47.467818 -0.283222 54387.192761 18.942 0.029 54387.194428 17.724 0.008 54387.191095 17.401 0.007 54387.191928 17.311 0.009 54387.193595 17.313 0.018
-47.467818 -0.283222 54390.19578 19.098 0.031 54390.197446 17.935 0.011 54390.194113 17.669 0.015 54390.194946 17.515 0.015 54390.196613 17.462 0.023
-47.467818 -0.283222 54392.187503 19.104 0.047 54392.18917 17.798 0.013 54392.185836 17.506 0.02 54392.18667 17.382 0.009 54392.188336 17.344 0.023
-47.467818 -0.283222 54402.185944 19.249 0.061 54402.187611 18.03 0.017 54402.184278 17.665 0.012 54402.185111 17.541 0.012 54402.186778 17.451 0.025
