-47.28244 -1.15311 52172.239317 19.347 0.028 52172.240983 18.056 0.007 52172.23765 17.82 0.007 52172.238483 17.714 0.008 52172.24015 17.663 0.018
-47.28244 -1.15311 52576.101279 19.37 0.03 52576.102945 18.126 0.007 52576.099612 17.86 0.007 52576.100445 17.769 0.008 52576.102112 17.719 0.021
-47.28244 -1.15311 52577.076512 19.019 0.024 52577.078178 17.732 0.006 52577.074845 17.624 0.006 52577.075678 17.605 0.007 52577.077345 17.602 0.019
-47.28244 -1.15311 52930.089843 18.915 0.021 52930.091509 17.664 0.005 52930.088176 17.579 0.006 52930.089009 17.572 0.007 52930.090676 17.6 0.017
-47.28244 -1.15311 52931.090674 19.663 0.033 52931.09234 18.384 0.007 52931.089007 18.091 0.007 52931.08984 17.98 0.008 52931.091507 17.921 0.021
-47.28244 -1.15311 52935.087637 19.005 0.023 52935.089303 17.755 0.006 52935.08597 17.676 0.006 52935.086803 17.646 0.007 52935.08847 17.624 0.017
-47.28244 -1.15311 53313.080839 19.595 0.04 53313.082505 -99.99 0.009 53313.079172 18.063 0.008 53313.080005 17.954 0.01 53313.081672 17.874 0.027
-47.28244 -1.15311 53622.190085 19.54 0.042 53622.191751 18.345 0.008 53622.188418 18.105 0.008 53622.189251 17.967 0.009 53622.190918 17.92 0.024
-47.28244 -1.15311 53625.18605 19.334 0.033 53625.187716 18.06 0.007 53625.184383 17.825 0.007 53625.185216 17.724 0.008 53625.186883 17.666 0.017
-47.28244 -1.15311 53634.139554 19.344 0.052 53634.14122 18.132 0.011 53634.137887 17.821 0.009 53634.13872 -99.99 0.01 53634.140387 17.678 0.024
-47.28244 -1.15311 53636.145086 19.259 0.03 53636.146752 18.108 0.007 53636.143419 17.931 0.007 53636.144252 17.848 0.008 53636.145919 17.801 0.018
-47.28244 -1.15311 53645.204756 19.118 0.038 53645.206422 17.867 0.006 53645.203089 17.698 0.006 53645.203922 17.653 0.007 53645.205589 17.639 0.018
-47.28244 -1.15311 53655.117091 19.168 0.034 53655.118757 17.927 0.008 53655.115424 17.799 0.007 53655.116257 17.752 0.008 53655.117924 17.726 0.02
-47.28244 -1.15311 53657.204511 19.303 0.144 53657.206177 18.374 0.029 53657.202844 18.051 0.016 53657.203677 17.935 0.02 53657.205344 17.856 0.047
-47.28244 -1.15311 53664.142051 19.055 0.032 53664.143717 17.787 0.007 53664.140384 17.622 0.006 53664.141217 17.622 0.007 53664.142884 17.609 0.019
-47.28244 -1.15311 53666.10565 19.584 0.031 53666.107316 18.379 0.007 53666.103983 18.019 0.007 53666.104816 17.927 0.008 53666.106483 17.853 0.021
-47.28244 -1.15311 53669.101289 18.862 0.02 53669.102955 17.609 0.005 53669.099622 17.558 0.006 53669.100455 17.554 0.007 53669.102122 17.537 0.016
-47.28244 -1.15311 53674.085524 19.174 0.026 53674.08719 17.975 0.006 53674.083857 17.842 0.007 53674.08469 17.769 0.008 53674.086357 17.736 0.019
-47.28244 -1.15311 53681.138421 19.47 0.115 53681.140087 18.348 0.027 53681.136754 -99.99 0.02 53681.137587 17.927 0.029 53681.139254 -99.99 0.1
-47.28244 -1.15311 53685.097464 19.59 0.093 53685.09913 18.397 0.016 53685.095797 18.058 0.012 53685.09663 17.941 0.011 53685.098297 17.882 0.03
-47.28244 -1.15311 53687.135816 19.336 0.069 53687.137482 18.189 0.011 53687.134149 17.88 0.008 53687.134982 17.775 0.009 53687.136649 17.746 0.02
-47.28244 -1.15311 53694.111359 19.562 0.066 53694.113025 18.387 0.012 53694.109692 18.062 0.01 53694.110525 17.966 0.013 53694.112192 17.988 0.043
-47.28244 -1.15311 53697.095444 19.26 0.092 53697.09711 17.962 0.018 53697.093777 17.723 0.018 53697.09461 17.69 0.021 53697.096277 17.696 0.068
-47.28244 -1.15311 53700.094407 19.568 0.036 53700.096073 18.367 0.008 53700.09274 18.023 0.007 53700.093573 17.9 0.009 53700.09524 17.845 0.022
-47.28244 -1.15311 53705.081077 19.501 0.036 53705.082743 18.326 0.008 53705.07941 17.996 0.007 53705.080243 17.863 0.008 53705.08191 17.817 0.024
-47.28244 -1.15311 53975.166068 19.505 0.033 53975.167735 18.394 0.013 53975.164401 18.066 0.014 53975.165235 17.953 0.021 53975.166901 17.902 0.024
-47.28244 -1.15311 53996.172796 19.488 0.03 53996.174462 18.311 0.013 53996.171129 17.962 0.014 53996.171962 17.844 0.011 53996.173629 17.766 0.022
-47.28244 -1.15311 53998.141422 19.011 0.027 53998.143089 17.88 0.027 53998.139756 17.718 0.01 53998.140589 17.687 0.012 53998.142256 17.686 0.021
-47.28244 -1.15311 54005.178679 19.597 0.029 54005.180346 18.389 0.017 54005.177012 18.046 0.011 54005.177846 17.925 0.012 54005.179512 17.906 0.021
-47.28244 -1.15311 54010.126904 19.627 0.042 54010.128571 18.325 0.015 54010.125238 17.935 0.014 54010.126071 17.884 0.018 54010.127738 17.818 0.019
-47.28244 -1.15311 54012.119742 18.753 0.033 54012.121409 17.556 0.017 54012.118075 17.501 0.013 54012.118909 17.479 0.014 54012.120575 17.489 0.018
-47.28244 -1.15311 54020.125721 19.436 0.031 54020.127387 18.228 0.011 54020.124054 17.911 0.012 54020.124887 17.783 0.011 54020.126554 17.726 0.021
-47.28244 -1.15311 54022.17501 18.782 0.024 54022.176676 -99.99 0.014 54022.173343 17.487 0.014 54022.174176 17.508 0.013 54022.175843 17.52 0.025
-47.28244 -1.15311 54028.116107 19.6 0.036 54028.117773 18.359 0.019 54028.11444 18.068 0.013 54028.115273 17.938 0.011 54028.11694 17.933 0.028
-47.28244 -1.15311 54030.119277 19.298 0.025 54030.120944 18.129 0.016 54030.117611 17.781 0.01 54030.118444 17.741 0.008 54030.120111 17.682 0.018
-47.28244 -1.15311 54032.108545 19.652 0.049 54032.110212 18.502 0.015 54032.106878 18.148 0.011 54032.107712 18.019 0.013 54032.109378 18.01 0.035
-47.28244 -1.15311 54034.178778 19.51 0.043 54034.180445 18.374 0.013 54034.177112 18.053 0.012 54034.177945 17.901 0.014 54034.179612 -99.99 0.043
-47.28244 -1.15311 54037.100522 19.679 0.038 54037.102189 18.474 0.014 54037.098855 18.138 0.009 54037.099689 18.003 0.009 54037.101355 17.935 0.018
-47.28244 -1.15311 54040.115023 19.171 0.044 54040.116689 17.955 0.014 54040.113356 17.751 0.013 54040.114189 17.673 0.012 54040.115856 17.587 0.021
-47.28244 -1.15311 54050.099653 19.017 0.026 54050.101319 17.773 0.014 54050.097986 17.645 0.013 54050.098819 17.602 0.016 54050.100486 17.606 0.025
-47.28244 -1.15311 54053.105804 19.581 0.038 54053.107471 18.338 0.015 54053.104137 18 0.012 54053.104971 17.836 0.009 54053.106637 17.796 0.025
-47.28244 -1.15311 54056.107475 -99.99 0.063 54056.109142 18.341 0.012 54056.105809 18.115 0.012 54056.106642 17.975 0.034 54056.108309 17.945 0.033
-47.28244 -1.15311 54057.076123 19.689 0.04 54057.07779 18.384 0.015 54057.074456 18.05 0.01 54057.07529 17.891 0.014 54057.076956 17.868 0.032
-47.28244 -1.15311 54059.101769 19.232 0.035 54059.103436 18.062 0.012 54059.100103 -99.99 0.015 54059.100936 17.713 0.017 54059.102603 17.756 0.025
-47.28244 -1.15311 54061.112799 19.574 0.041 54061.114466 18.41 0.013 54061.111132 18.128 0.013 54061.111966 17.999 0.014 54061.113632 17.947 0.032
-47.28244 -1.15311 54062.106652 19.662 0.05 54062.108319 18.364 0.013 54062.104985 18.032 0.019 54062.105819 17.878 0.016 54062.107485 17.869 0.031
-47.28244 -1.15311 54068.096625 19.512 0.087 54068.098292 18.201 0.014 54068.094958 17.913 0.011 54068.095792 17.804 0.012 54068.097458 17.748 0.03
-47.28244 -1.15311 54357.14495 19.63 0.035 54357.146617 18.43 0.016 54357.143284 18.081 0.01 54357.144117 17.923 0.01 54357.145784 17.856 0.026
-47.28244 -1.15311 54365.142803 18.838 0.045 54365.14447 17.768 0.014 54365.141136 17.652 0.011 54365.14197 17.628 0.012 54365.143636 17.64 0.026
-47.28244 -1.15311 54385.192785 19.506 0.035 54385.194451 18.282 0.015 54385.191118 18.036 0.008 54385.191951 17.942 0.007 54385.193618 17.983 0.031
-47.28244 -1.15311 54387.193276 19.567 0.042 54387.194943 18.361 0.012 54387.19161 18.011 0.012 54387.192443 17.872 0.012 54387.19411 17.799 0.023
-47.28244 -1.15311 54390.196286 19.694 0.046 54390.197953 18.459 0.018 54390.19462 18.144 0.012 54390.195453 18.036 0.017 54390.19712 18.012 0.029
-47.28244 -1.15311 54392.188003 19.578 0.071 54392.189669 18.316 0.022 54392.186336 17.974 0.025 54392.187169 -99.99 0.026 54392.188836 17.788 0.027
-47.28244 -1.15311 54402.186455 19.417 0.094 54402.188122 18.247 0.015 54402.184789 17.916 0.016 54402.185622 17.792 0.014 54402.187289 17.762 0.025
