-9.119461 1.135026 51075.274598 19.741 0.038 51075.276264 18.605 0.008 51075.272931 18.31 0.008 51075.273764 18.267 0.013 51075.275431 18.304 0.037
-9.119461 1.135026 51464.262506 19.782 0.045 51464.264172 18.542 0.008 51464.260839 18.303 0.009 51464.261672 18.252 0.011 51464.263339 18.195 0.031
-9.119461 1.135026 52196.275145 19.369 0.032 52196.276811 18.134 0.006 52196.273478 18.131 0.007 52196.274311 18.085 0.01 52196.275978 18.077 0.027
-9.119461 1.135026 52197.288249 19.06 0.024 52197.289915 17.77 0.006 52197.286582 17.734 0.006 52197.287415 17.753 0.008 52197.289082 17.757 0.019
-9.119461 1.135026 52225.138405 19.335 0.027 52225.140071 17.977 0.006 52225.136738 17.863 0.007 52225.137571 17.859 0.008 52225.139238 17.843 0.02
-9.119461 1.135026 52231.174188 19.664 0.037 52231.175854 18.486 0.008 52231.172521 18.213 0.008 52231.173354 18.103 0.009 52231.175021 18.074 0.022
-9.119461 1.135026 52253.160362 19.725 0.052 52253.162028 18.646 0.009 52253.158695 18.294 0.009 52253.159528 18.211 0.011 52253.161195 18.153 0.028
-9.119461 1.135026 52557.282192 19.711 0.043 52557.283858 18.61 0.008 52557.280525 18.3 0.008 52557.281358 18.186 0.01 52557.283025 18.14 0.029
-9.119461 1.135026 52578.178274 19.53 0.032 52578.17994 18.311 0.007 52578.176607 18.086 0.007 52578.17744 18.042 0.009 52578.179107 17.982 0.023
-9.119461 1.135026 52908.256759 19.035 0.027 52908.258425 17.771 0.006 52908.255092 17.739 0.006 52908.255925 17.761 0.008 52908.257592 17.791 0.023
-9.119461 1.135026 52911.270543 19.677 0.04 52911.272209 18.578 0.008 52911.268876 18.318 0.008 52911.269709 18.223 0.011 52911.271376 18.173 0.028
-9.119461 1.135026 52930.147916 19.046 0.025 52930.149582 17.777 0.006 52930.146249 17.728 0.006 52930.147082 17.758 0.007 52930.148749 17.755 0.019
-9.119461 1.135026 52934.188659 18.405 0.019 52934.190325 17.223 0.004 52934.186992 17.329 0.005 52934.187825 17.467 0.007 52934.189492 17.519 0.019
-9.119461 1.135026 52936.184584 19.636 0.035 52936.18625 18.368 0.007 52936.182917 18.128 0.007 52936.18375 18.046 0.009 52936.185417 -99.99 0.026
-9.119461 1.135026 52962.110105 19.272 0.028 52962.111771 18.024 0.006 52962.108438 17.897 0.007 52962.109271 17.883 0.009 52962.110938 17.859 0.021
-9.119461 1.135026 53270.24867 19.495 0.039 53270.250336 18.251 0.014 53270.247003 18.202 0.012 53270.247836 18.153 0.014 53270.249503 18.079 0.027
-9.119461 1.135026 53272.298591 -99.99 0.065 53272.300257 18.44 0.01 53272.296924 18.177 0.009 53272.297757 18.07 0.012 53272.299424 18.059 0.026
-9.119461 1.135026 53286.267307 18.546 0.024 53286.268973 17.372 0.005 53286.26564 17.472 0.008 53286.266473 17.534 0.008 53286.26814 17.564 0.02
-9.119461 1.135026 53288.225798 19.468 0.032 53288.227464 18.279 0.007 53288.224131 18.048 0.007 53288.224964 17.977 0.008 53288.226631 17.983 0.021
-9.119461 1.135026 53294.253128 19.875 0.043 53294.254795 18.619 0.023 53294.251462 18.312 0.016 53294.252295 18.186 0.014 53294.253962 18.171 0.033
-9.119461 1.135026 53302.221466 18.485 0.03 53302.223132 17.287 0.006 53302.219799 17.374 0.007 53302.220632 17.495 0.009 53302.222299 17.564 0.023
-9.119461 1.135026 53312.176995 19.916 0.046 53312.178662 18.671 0.017 53312.175329 18.413 0.021 53312.176162 18.29 0.014 53312.177829 18.232 0.036
-9.119461 1.135026 53314.178194 19.33 0.03 53314.17986 18.095 0.006 53314.176527 17.909 0.007 53314.17736 17.882 0.008 53314.179027 17.885 0.024
-9.119461 1.135026 53616.282561 -99.99 0.093 53616.284227 18.56 0.009 53616.280894 18.316 0.01 53616.281727 18.234 0.013 53616.283394 -99.99 0.037
-9.119461 1.135026 53623.272773 18.522 0.021 53623.274439 17.285 0.005 53623.271106 17.363 0.005 53623.271939 17.511 0.007 53623.273606 17.542 0.019
-9.119461 1.135026 53626.258985 19.798 0.053 53626.260651 18.612 0.01 53626.257318 18.303 0.009 53626.258151 18.193 0.011 53626.259818 18.149 0.031
-9.119461 1.135026 53628.24385 19.227 0.055 53628.245516 18.11 0.01 53628.242183 18.137 0.01 53628.243016 18.067 0.011 53628.244683 18.066 0.029
-9.119461 1.135026 53637.245465 19.798 0.069 53637.247131 18.568 0.01 53637.243798 18.316 0.01 53637.244631 18.189 0.012 53637.246298 18.099 0.037
-9.119461 1.135026 53639.29083 19.04 0.026 53639.292496 17.792 0.006 53639.289163 17.731 0.006 53639.289996 17.752 0.008 53639.291663 17.745 0.018
-9.119461 1.135026 53644.237906 18.389 0.026 53644.239573 17.172 0.018 53644.23624 17.305 0.016 53644.237073 17.442 0.013 53644.23874 17.501 0.021
-9.119461 1.135026 53654.272535 18.363 0.018 53654.274201 17.189 0.005 53654.270868 17.306 0.006 53654.271701 17.439 0.007 53654.273368 17.501 0.023
-9.119461 1.135026 53656.220129 19.359 0.077 53656.221795 18.116 0.013 53656.218462 17.956 0.011 53656.219295 17.916 0.012 53656.220962 17.909 0.033
-9.119461 1.135026 53663.233439 19.736 0.057 53663.235105 18.571 0.011 53663.231772 18.299 0.009 53663.232605 18.213 0.01 53663.234272 18.14 0.024
-9.119461 1.135026 53665.211407 -99.99 0.178 53665.213073 17.188 0.036 53665.20974 -99.99 0.046 53665.210573 17.546 0.088 53665.21224 -99.99 0.274
-9.119461 1.135026 53668.223039 19.885 0.054 53668.224705 18.598 0.008 53668.221372 18.334 0.009 53668.222205 18.216 0.011 53668.223872 18.189 0.034
-9.119461 1.135026 53670.227889 18.353 0.017 53670.229555 17.164 0.005 53670.226222 17.31 0.005 53670.227055 17.425 0.007 53670.228722 17.532 0.021
-9.119461 1.135026 53673.195874 19.78 0.044 53673.19754 18.534 0.008 53673.194207 18.263 0.008 53673.19504 18.15 0.009 53673.196707 18.146 0.027
-9.119461 1.135026 53675.192763 19.898 0.06 53675.194429 18.64 0.008 53675.191096 18.401 0.01 53675.191929 18.317 0.014 53675.193596 18.301 0.037
-9.119461 1.135026 53677.213793 19.41 0.033 53677.215459 18.208 0.007 53677.212126 18.004 0.007 53677.212959 17.946 0.008 53677.214626 17.922 0.02
-9.119461 1.135026 53680.20046 19.848 0.046 53680.202126 18.656 0.008 53680.198793 18.391 0.008 53680.199626 18.315 0.01 53680.201293 18.291 0.026
-9.119461 1.135026 53693.202357 19.531 0.066 53693.204023 18.337 0.01 53693.20069 18.11 0.009 53693.201523 18.014 0.01 53693.20319 18.014 0.026
-9.119461 1.135026 53702.198116 18.884 0.047 53702.199783 17.515 0.027 53702.196449 17.576 0.012 53702.197283 17.623 0.015 53702.198949 17.734 0.047
-9.119461 1.135026 53704.185683 19.714 0.043 53704.187349 18.495 0.008 53704.184016 18.188 0.008 53704.184849 18.088 0.009 53704.186516 18.048 0.025
-9.119461 1.135026 53974.278361 19.747 0.036 53974.280027 18.586 0.022 53974.276694 18.296 0.015 53974.277527 18.204 0.016 53974.279194 18.23 0.026
-9.119461 1.135026 53989.281731 19.934 0.077 53989.283398 18.606 0.019 53989.280064 18.312 0.013 53989.280898 18.221 0.016 53989.282564 18.183 0.029
-9.119461 1.135026 53997.377385 19.535 0.045 53997.379052 18.311 0.017 53997.375719 18.095 0.02 53997.376552 -99.99 0.016 53997.378219 -99.99 0.027
-9.119461 1.135026 54000.25718 19.775 0.049 54000.258846 18.573 0.019 54000.255513 18.307 0.014 54000.256346 18.204 0.019 54000.258013 18.202 0.035
-9.119461 1.135026 54007.307317 18.986 0.025 54007.308984 17.723 0.024 54007.30565 17.674 0.015 54007.306484 17.707 0.014 54007.30815 17.709 0.023
-9.119461 1.135026 54009.231085 19.576 0.042 54009.232752 18.306 0.021 54009.229418 18.055 0.018 54009.230252 18.014 0.014 54009.231918 18.011 0.027
-9.119461 1.135026 54011.295575 19.791 0.049 54011.297242 18.676 0.023 54011.293909 18.438 0.012 54011.294742 18.351 0.017 54011.296409 -99.99 0.028
-9.119461 1.135026 54025.294635 19.823 0.059 54025.296302 18.611 0.023 54025.292968 18.316 0.022 54025.293802 18.185 0.019 54025.295468 18.136 0.032
-9.119461 1.135026 54029.224918 19.162 0.052 54029.226585 17.93 0.021 54029.223252 17.807 0.024 54029.224085 17.788 0.016 54029.225752 17.812 0.023
-9.119461 1.135026 54348.292339 19.873 0.052 54348.294005 18.616 0.02 54348.290672 18.361 0.015 54348.291505 18.319 0.023 54348.293172 18.291 0.034
-9.119461 1.135026 54358.248185 19.74 0.052 54358.249852 18.561 0.021 54358.246519 18.3 0.02 54358.247352 18.195 0.015 54358.249019 18.134 0.031
-9.119461 1.135026 54365.281202 18.866 0.029 54365.282868 17.559 0.027 54365.279535 17.567 0.014 54365.280368 17.632 0.021 54365.282035 17.679 0.025
-9.119461 1.135026 54373.355448 19.737 0.107 54373.357115 18.607 0.031 54373.353782 18.292 0.017 54373.354615 18.228 0.021 54373.356282 18.28 0.034
-9.119461 1.135026 54381.300787 19.247 0.032 54381.302453 18.033 0.022 54381.29912 17.87 0.014 54381.299953 17.853 0.021 54381.30162 17.85 0.028
-9.119461 1.135026 54386.293086 19.104 0.031 54386.294753 17.856 0.018 54386.291419 17.757 0.013 54386.292253 17.763 0.014 54386.293919 17.763 0.023
-9.119461 1.135026 54388.297343 19.739 0.043 54388.29901 18.617 0.019 54388.295676 18.316 0.015 54388.29651 18.192 0.011 54388.298176 18.165 0.026
-9.119461 1.135026 54403.211263 19.338 0.043 54403.21293 18.146 0.017 54403.209596 17.92 0.016 54403.21043 17.909 0.017 54403.212096 17.917 0.025
-9.119461 1.135026 54405.266661 19.685 0.05 54405.268328 18.579 0.019 54405.264994 18.289 0.013 54405.265828 18.192 0.017 54405.267494 18.19 0.027
-9.119461 1.135026 54406.204965 19.75 0.04 54406.206632 18.638 0.023 54406.203298 18.335 0.025 54406.204132 18.283 0.014 54406.205798 18.368 0.03
-9.119461 1.135026 54412.208292 18.335 0.016 54412.209959 17.169 0.021 54412.206625 17.297 0.014 54412.207459 -99.99 0.014 54412.209125 -99.99 0.022
