-2.925071 -0.022093 51075.291751 17.203 0.009 51075.293417 16.058 0.003 51075.290084 15.791 0.004 51075.290917 15.694 0.004 51075.292584 15.644 0.006
-2.925071 -0.022093 51467.370578 16.546 0.008 51467.372244 15.366 0.003 51467.368911 15.309 0.003 51467.369744 15.314 0.003 51467.371411 15.315 0.006
-2.925071 -0.022093 51819.346597 17.133 0.01 51819.348263 15.963 0.003 51819.34493 15.702 0.004 51819.345763 15.614 0.004 51819.34743 15.609 0.007
-2.925071 -0.022093 52196.292317 17.171 0.009 52196.293983 16.044 0.004 52196.29065 15.778 0.004 52196.291483 15.662 0.005 52196.29315 15.617 0.006
-2.925071 -0.022093 52197.305425 16.854 0.008 52197.307091 15.655 0.004 52197.303758 15.499 0.005 52197.304591 15.455 0.005 52197.306258 15.432 0.006
-2.925071 -0.022093 52225.15556 16.518 0.007 52225.157226 15.302 0.004 52225.153893 15.261 0.004 52225.154726 15.286 0.005 52225.156393 15.298 0.006
-2.925071 -0.022093 52231.191345 17.194 0.009 52231.193011 16.05 0.004 52231.189678 15.802 0.005 52231.190511 15.721 0.005 52231.192178 15.688 0.007
-2.925071 -0.022093 52253.177516 16.805 0.008 52253.179182 15.606 0.003 52253.175849 15.46 0.003 52253.176682 15.423 0.003 52253.178349 15.405 0.005
-2.925071 -0.022093 52557.299348 17.201 0.009 52557.301014 16.049 0.003 52557.297681 15.793 0.004 52557.298514 15.706 0.004 52557.300181 15.663 0.006
-2.925071 -0.022093 52578.195431 16.866 0.007 52578.197097 15.654 0.004 52578.193764 15.494 0.005 52578.194597 15.439 0.005 52578.196264 15.416 0.006
-2.925071 -0.022093 52908.273914 16.629 0.007 52908.27558 15.386 0.003 52908.272247 15.305 0.004 52908.27308 15.324 0.004 52908.274747 15.325 0.006
-2.925071 -0.022093 52911.287701 17.114 0.009 52911.289367 15.949 0.003 52911.286034 15.702 0.004 52911.286867 15.614 0.004 52911.288534 15.568 0.006
-2.925071 -0.022093 52930.165073 17.24 0.009 52930.166739 16.089 0.003 52930.163406 15.753 0.003 52930.164239 15.69 0.004 52930.165906 15.62 0.006
-2.925071 -0.022093 52934.205815 17.25 0.009 52934.207481 16.056 0.003 52934.204148 15.809 0.004 52934.204981 15.707 0.004 52934.206648 15.7 0.006
-2.925071 -0.022093 52936.201741 16.547 0.007 52936.203407 15.305 0.004 52936.200074 15.258 0.004 52936.200907 15.303 0.004 52936.202574 15.286 0.006
-2.925071 -0.022093 52962.127262 17.238 0.009 52962.128928 16.06 0.003 52962.125595 15.803 0.003 52962.126428 15.69 0.004 52962.128095 15.668 0.006
-2.925071 -0.022093 53270.265802 16.023 0.01 53270.267469 14.849 0.016 53270.264136 14.913 0.016 53270.264969 15.047 0.017 53270.266636 15.082 0.015
-2.925071 -0.022093 53272.315745 17.226 0.01 53272.317411 16.076 0.004 53272.314078 15.817 0.004 53272.314911 15.706 0.004 53272.316578 15.671 0.007
-2.925071 -0.022093 53286.284464 16.493 0.008 53286.28613 15.232 0.003 53286.282797 15.207 0.004 53286.28363 15.25 0.004 53286.285297 15.265 0.007
-2.925071 -0.022093 53288.242954 17.225 0.009 53288.24462 16.058 0.004 53288.241287 15.789 0.005 53288.24212 15.683 0.005 53288.243787 15.636 0.007
-2.925071 -0.022093 53294.29063 16.556 0.007 53294.292296 15.342 0.003 53294.288963 15.277 0.003 53294.289796 15.308 0.003 53294.291463 15.286 0.005
-2.925071 -0.022093 53302.238621 16.345 0.007 53302.240287 15.127 0.004 53302.236954 15.15 0.004 53302.237787 15.205 0.005 53302.239454 15.217 0.006
-2.925071 -0.022093 53312.19416 -99.99 0.016 53312.195827 16.08 0.018 53312.192493 15.796 0.012 53312.193327 15.681 0.014 53312.194993 15.647 0.016
-2.925071 -0.022093 53314.195352 16.224 0.006 53314.197018 14.971 0.003 53314.193685 15.024 0.003 53314.194518 15.129 0.004 53314.196185 15.145 0.005
-2.925071 -0.022093 53616.299717 17.2 0.011 53616.301383 16.083 0.003 53616.29805 15.85 0.003 53616.298883 15.8 0.004 53616.30055 15.753 0.007
-2.925071 -0.022093 53623.289928 16.538 0.008 53623.291594 15.356 0.004 53623.288261 15.265 0.004 53623.289094 15.295 0.005 53623.290761 15.282 0.006
-2.925071 -0.022093 53626.27614 -99.99 0.013 53626.277806 15.838 0.004 53626.274473 15.622 0.004 53626.275306 15.515 0.004 53626.276973 15.501 0.006
-2.925071 -0.022093 53628.261006 17.328 0.014 53628.262672 16.133 0.004 53628.259339 15.908 0.004 53628.260172 15.841 0.004 53628.261839 15.797 0.007
-2.925071 -0.022093 53637.262622 17.243 0.01 53637.264288 16.07 0.003 53637.260955 15.815 0.003 53637.261788 15.719 0.004 53637.263455 15.652 0.007
-2.925071 -0.022093 53639.307999 16.713 0.007 53639.309665 15.535 0.003 53639.306332 15.396 0.004 53639.307165 15.392 0.004 53639.308832 15.376 0.006
-2.925071 -0.022093 53644.255073 17.096 0.019 53644.25674 15.96 0.015 53644.253406 15.83 0.018 53644.25424 15.768 0.017 53644.255906 15.709 0.017
-2.925071 -0.022093 53654.289692 17.178 0.01 53654.291358 16.051 0.004 53654.288025 15.737 0.004 53654.288858 15.673 0.005 53654.290525 15.617 0.007
-2.925071 -0.022093 53656.237285 16.83 0.009 53656.238951 15.681 0.003 53656.235618 15.665 0.003 53656.236451 15.612 0.004 53656.238118 15.582 0.006
-2.925071 -0.022093 53663.250595 16.709 0.008 53663.252261 15.511 0.004 53663.248928 15.393 0.005 53663.249761 15.379 0.005 53663.251428 15.367 0.006
-2.925071 -0.022093 53665.228564 -99.99 0.022 53665.23023 16.065 0.006 53665.226897 15.811 0.006 53665.22773 -99.99 0.007 53665.229397 15.703 0.015
-2.925071 -0.022093 53668.240194 15.934 0.005 53668.24186 14.741 0.003 53668.238527 14.915 0.003 53668.23936 15.037 0.003 53668.241027 15.089 0.005
-2.925071 -0.022093 53670.245047 17.165 0.009 53670.246713 16.011 0.004 53670.24338 15.745 0.004 53670.244213 15.654 0.004 53670.24588 15.605 0.006
-2.925071 -0.022093 53673.213032 17.191 0.009 53673.214698 16.036 0.004 53673.211365 15.801 0.004 53673.212198 15.714 0.004 53673.213865 15.679 0.006
-2.925071 -0.022093 53675.209919 16.666 0.007 53675.211585 15.458 0.003 53675.208252 15.342 0.003 53675.209085 15.365 0.003 53675.210752 15.333 0.005
-2.925071 -0.022093 53677.230951 17.178 0.009 53677.232617 16.043 0.004 53677.229284 15.805 0.004 53677.230117 15.73 0.005 53677.231784 15.688 0.007
-2.925071 -0.022093 53680.217616 15.967 0.005 53680.219282 14.761 0.003 53680.215949 14.904 0.004 53680.216782 15.03 0.004 53680.218449 15.07 0.005
-2.925071 -0.022093 53693.219515 17.172 0.012 53693.221181 16.035 0.004 53693.217848 15.793 0.004 53693.218681 15.724 0.004 53693.220348 15.696 0.006
-2.925071 -0.022093 53704.202839 16.089 0.009 53704.204505 14.9 0.007 53704.201172 14.958 0.008 53704.202005 15.089 0.009 53704.203672 15.113 0.01
-2.925071 -0.022093 53974.295498 17.225 0.013 53974.297165 16.086 0.012 53974.293832 15.818 0.013 53974.294665 15.733 0.017 53974.296332 15.717 0.02
-2.925071 -0.022093 53989.298911 16.124 0.019 53989.300577 14.907 0.018 53989.297244 14.956 0.018 53989.298077 15.082 0.012 53989.299744 15.114 0.02
-2.925071 -0.022093 53997.394549 16.788 0.009 53997.396216 15.603 0.017 53997.392883 15.393 0.016 53997.393716 -99.99 0.013 53997.395383 -99.99 0.02
-2.925071 -0.022093 54000.274321 16.869 0.021 54000.275988 15.669 0.015 54000.272655 15.477 0.011 54000.273488 15.441 0.013 54000.275155 15.432 0.023
-2.925071 -0.022093 54007.324463 17.23 0.013 54007.32613 16.082 0.019 54007.322797 15.767 0.026 54007.32363 15.719 0.016 54007.325297 -99.99 0.016
-2.925071 -0.022093 54009.248277 16.095 0.017 54009.249944 14.873 0.021 54009.24661 14.934 0.019 54009.247444 15.068 0.018 54009.24911 15.121 0.015
-2.925071 -0.022093 54011.312719 17.263 0.01 54011.314385 16.069 0.016 54011.311052 15.833 0.013 54011.311885 15.702 0.015 54011.313552 15.66 0.019
-2.925071 -0.022093 54019.262997 17.251 0.013 54019.264663 16.071 0.011 54019.26133 15.792 0.012 54019.262163 15.69 0.008 54019.26383 15.623 0.021
-2.925071 -0.022093 54025.311733 16.659 0.008 54025.3134 15.443 0.017 54025.310066 15.346 0.015 54025.3109 15.355 0.014 54025.312566 15.349 0.015
-2.925071 -0.022093 54029.242093 16.306 0.011 54029.24376 15.115 0.019 54029.240427 15.12 0.015 54029.24126 15.192 0.015 54029.242927 15.203 0.014
-2.925071 -0.022093 54348.309467 17.241 0.02 54348.311134 16.078 0.018 54348.3078 15.775 0.012 54348.308634 15.708 0.019 54348.3103 15.627 0.02
-2.925071 -0.022093 54358.265313 16.448 0.017 54358.266979 15.212 0.017 54358.263646 15.178 0.019 54358.264479 15.254 0.019 54358.266146 15.244 0.026
-2.925071 -0.022093 54365.298373 17.154 0.019 54365.300039 15.952 0.013 54365.296706 15.698 0.029 54365.297539 15.606 0.025 54365.299206 15.572 0.024
-2.925071 -0.022093 54373.372569 17.259 0.013 54373.374236 16.087 0.011 54373.370903 15.797 0.013 54373.371736 15.712 0.01 54373.373403 15.656 0.015
-2.925071 -0.022093 54381.317979 17.253 0.015 54381.319646 16.089 0.022 54381.316313 15.793 0.019 54381.317146 15.69 0.02 54381.318813 15.636 0.021
-2.925071 -0.022093 54386.310261 16.867 0.018 54386.311928 15.692 0.022 54386.308595 15.514 0.012 54386.309428 15.455 0.016 54386.311095 15.428 0.016
-2.925071 -0.022093 54388.314534 -99.99 0.019 54388.3162 16.074 0.019 54388.312867 15.833 0.013 54388.3137 15.769 0.012 54388.315367 15.723 0.02
-2.925071 -0.022093 54403.228307 16.005 0.012 54403.229974 14.786 0.015 54403.226641 14.93 0.019 54403.227474 15.082 0.017 54403.229141 15.1 0.021
-2.925071 -0.022093 54404.285912 17.314 0.012 54404.287579 16.113 0.014 54404.284245 15.846 0.017 54404.285079 15.782 0.013 54404.286745 15.746 0.017
-2.925071 -0.022093 54405.28385 -99.99 0.013 54405.285517 16.094 0.012 54405.282184 15.793 0.019 54405.283017 15.702 0.01 54405.284684 15.646 0.016
-2.925071 -0.022093 54406.222127 16.723 0.015 54406.223793 15.52 0.02 54406.22046 15.371 0.018 54406.221293 15.386 0.015 54406.22296 15.372 0.018
-2.925071 -0.022093 54412.225077 17.244 0.015 54412.226743 16.041 0.026 54412.22341 15.81 0.016 54412.224243 15.725 0.033 54412.22591 15.695 0.016
