8.929012 0.931629 51081.308289 18.482 0.019 51081.309955 17.285 0.004 51081.306622 17.091 0.005 51081.307455 17.062 0.006 51081.309122 17.03 0.013
8.929012 0.931629 51819.379422 18.853 0.024 51819.381088 17.646 0.006 51819.377755 17.364 0.005 51819.378588 17.249 0.006 51819.380255 17.216 0.014
8.929012 0.931629 52558.344707 18.565 0.02 52558.346373 17.363 0.005 52558.34304 17.156 0.005 52558.343873 17.082 0.006 52558.34554 17.076 0.013
8.929012 0.931629 52577.232209 18.518 0.018 52577.233875 17.274 0.005 52577.230542 17.116 0.005 52577.231375 17.067 0.006 52577.233042 17.071 0.013
8.929012 0.931629 52586.235687 18.23 0.015 52586.237353 16.951 0.004 52586.23402 16.959 0.005 52586.234853 16.971 0.006 52586.23652 16.959 0.013
8.929012 0.931629 52910.316169 18.795 0.023 52910.317835 17.565 0.005 52910.314502 17.295 0.005 52910.315335 17.199 0.006 52910.317002 17.143 0.013
8.929012 0.931629 52931.246372 18.977 0.025 52931.248038 17.714 0.005 52931.244705 17.454 0.005 52931.245538 17.333 0.006 52931.247205 17.313 0.015
8.929012 0.931629 52935.243334 18.631 0.02 52935.245 17.399 0.005 52935.241667 17.184 0.005 52935.2425 17.126 0.006 52935.244167 17.073 0.013
8.929012 0.931629 52959.186665 18.855 0.02 52959.188331 17.666 0.006 52959.184998 17.376 0.006 52959.185831 17.262 0.006 52959.187498 17.197 0.012
8.929012 0.931629 52963.166408 18.195 0.014 52963.168074 16.962 0.005 52963.164741 16.919 0.005 52963.165574 16.93 0.005 52963.167241 -99.99 0.011
8.929012 0.931629 53352.137475 18.849 0.021 53352.139141 17.676 0.006 53352.135808 17.48 0.006 53352.136641 17.365 0.006 53352.138308 17.322 0.014
8.929012 0.931629 53622.345774 18.153 0.018 53622.34744 16.912 0.004 53622.344107 16.953 0.004 53622.34494 16.928 0.005 53622.346607 16.98 0.014
8.929012 0.931629 53634.295244 18.876 0.04 53634.29691 17.688 0.007 53634.293577 17.405 0.007 53634.29441 17.285 0.007 53634.296077 17.283 0.016
8.929012 0.931629 53638.33658 18.451 0.02 53638.338246 17.269 0.005 53638.334913 17.116 0.005 53638.335746 17.063 0.006 53638.337413 17.052 0.012
8.929012 0.931629 53640.300615 18.786 0.027 53640.302281 17.596 0.005 53640.298948 17.304 0.007 53640.299781 -99.99 0.006 53640.301448 17.184 0.015
8.929012 0.931629 53655.272786 18.2 0.022 53655.274452 16.965 0.004 53655.271119 16.954 0.005 53655.271952 16.978 0.006 53655.273619 16.977 0.015
8.929012 0.931629 53664.297742 19.026 0.039 53664.299408 17.8 0.007 53664.296075 17.497 0.007 53664.296908 17.395 0.007 53664.298575 17.378 0.016
8.929012 0.931629 53669.256986 18.658 0.019 53669.258652 17.51 0.005 53669.255319 17.371 0.006 53669.256152 17.295 0.006 53669.257819 17.291 0.014
8.929012 0.931629 53671.341752 18.693 0.03 53671.343418 17.467 0.006 53671.340085 17.235 0.006 53671.340918 17.165 0.006 53671.342585 17.143 0.016
8.929012 0.931629 53674.241222 18.253 0.017 53674.242888 16.995 0.004 53674.239555 16.955 0.004 53674.240388 16.949 0.005 53674.242055 16.928 0.011
8.929012 0.931629 53676.330695 -99.99 0.025 53676.332361 17.653 0.006 53676.329028 17.367 0.006 53676.329861 17.275 0.006 53676.331528 17.203 0.013
8.929012 0.931629 53679.302589 18.722 0.025 53679.304255 17.544 0.005 53679.300922 17.296 0.005 53679.301755 17.166 0.006 53679.303422 17.143 0.015
8.929012 0.931629 53681.294102 18.842 0.029 53681.295768 17.703 0.006 53681.292435 17.416 0.006 53681.293268 17.306 0.009 53681.294935 17.294 0.015
8.929012 0.931629 53685.253155 18.345 0.033 53685.254821 17.133 0.007 53685.251488 17.018 0.006 53685.252321 17.016 0.007 53685.253988 17.012 0.015
8.929012 0.931629 53694.267031 18.522 0.048 53694.268697 17.387 0.007 53694.265364 17.293 0.007 53694.266197 17.218 0.008 53694.267864 17.185 0.019
8.929012 0.931629 53697.251126 19.017 0.029 53697.252792 17.833 0.006 53697.249459 17.535 0.006 53697.250292 17.446 0.007 53697.251959 17.396 0.015
8.929012 0.931629 53700.250084 18.967 0.031 53700.25175 17.735 0.006 53700.248417 17.426 0.006 53700.24925 17.343 0.006 53700.250917 17.338 0.016
8.929012 0.931629 53705.236754 -99.99 0.024 53705.23842 17.575 0.005 53705.235087 17.403 0.006 53705.23592 17.308 0.006 53705.237587 17.277 0.013
8.929012 0.931629 53975.32177 18.941 0.028 53975.323437 17.796 0.015 53975.320103 17.529 0.018 53975.320937 17.412 0.023 53975.322603 17.391 0.019
8.929012 0.931629 53990.334574 -99.99 0.03 53990.336241 -99.99 0.016 53990.332907 17.291 0.016 53990.333741 17.197 0.017 53990.335407 -99.99 0.026
8.929012 0.931629 53994.344761 -99.99 0.037 53994.346428 16.901 0.017 53994.343094 16.915 0.011 53994.343928 16.93 0.02 53994.345594 16.948 0.016
8.929012 0.931629 53996.328495 18.516 0.019 53996.330161 17.336 0.015 53996.326828 17.153 0.014 53996.327661 17.078 0.016 53996.329328 17.081 0.019
8.929012 0.931629 53998.297143 18.786 0.025 53998.29881 17.624 0.014 53998.295476 17.35 0.013 53998.29631 17.261 0.014 53998.297976 17.205 0.018
8.929012 0.931629 54005.327365 18.078 0.02 54005.329032 16.892 0.023 54005.325698 16.884 0.012 54005.326532 16.932 0.011 54005.328198 16.9 0.014
8.929012 0.931629 54010.282603 18.344 0.033 54010.28427 17.109 0.014 54010.280936 17.009 0.01 54010.28177 16.986 0.01 54010.283436 -99.99 0.019
8.929012 0.931629 54012.275436 18.788 0.03 54012.277103 17.563 0.021 54012.27377 17.296 0.012 54012.274603 17.183 0.013 54012.27627 17.197 0.02
8.929012 0.931629 54020.281415 18.84 0.034 54020.283082 17.641 0.013 54020.279748 17.371 0.011 54020.280582 17.245 0.013 54020.282248 17.243 0.015
8.929012 0.931629 54024.363041 18.482 0.023 54024.364707 17.27 0.021 54024.361374 17.138 0.021 54024.362207 17.043 0.015 54024.363874 17.066 0.039
8.929012 0.931629 54030.274973 18.751 0.025 54030.27664 17.595 0.011 54030.273306 17.425 0.011 54030.27414 17.33 0.013 54030.275806 17.262 0.015
8.929012 0.931629 54035.350756 18.487 0.032 54035.352423 17.308 0.028 54035.34909 17.13 0.015 54035.349923 17.059 0.012 54035.35159 17.089 0.02
8.929012 0.931629 54037.25622 18.685 0.03 54037.257886 17.487 0.016 54037.254553 17.268 0.011 54037.255386 17.159 0.027 54037.257053 17.128 0.015
8.929012 0.931629 54040.270722 18.667 0.027 54040.272389 17.428 0.013 54040.269056 17.2 0.01 54040.269889 17.116 0.01 54040.271556 17.091 0.021
8.929012 0.931629 54047.301312 -99.99 0.093 54047.302978 17.849 0.022 54047.299645 17.554 0.014 54047.300478 17.428 0.02 54047.302145 17.409 0.051
8.929012 0.931629 54049.29722 -99.99 0.034 54049.298886 17.049 0.015 54049.295553 16.977 0.013 54049.296386 16.971 0.015 54049.298053 16.987 0.02
8.929012 0.931629 54053.261511 18.868 0.039 54053.263178 17.723 0.013 54053.259845 17.424 0.017 54053.260678 17.269 0.014 54053.262345 17.239 0.017
8.929012 0.931629 54056.263151 18.838 0.032 54056.264818 17.67 0.018 54056.261484 17.358 0.02 54056.262318 17.248 0.014 54056.263984 17.25 0.03
8.929012 0.931629 54059.257451 18.741 0.073 54059.259117 17.579 0.019 54059.255784 17.301 0.025 54059.256617 17.196 0.025 54059.258284 17.171 0.019
8.929012 0.931629 54062.262355 18.689 0.027 54062.264022 17.506 0.014 54062.260689 17.27 0.017 54062.261522 17.166 0.011 54062.263189 17.156 0.017
8.929012 0.931629 54068.242909 -99.99 0.031 54068.244576 17.186 0.015 54068.241243 17.068 0.014 54068.242076 17.034 0.012 54068.243743 16.999 0.016
8.929012 0.931629 54357.300683 18.394 0.022 54357.30235 17.189 0.016 54357.299017 17.048 0.011 54357.29985 17.015 0.014 54357.301517 16.971 0.016
8.929012 0.931629 54362.350483 18.778 0.026 54362.352149 17.613 0.016 54362.348816 17.333 0.014 54362.349649 17.19 0.02 54362.351316 17.104 0.016
8.929012 0.931629 54382.330657 18.442 0.033 54382.332323 17.248 0.043 54382.32899 17.087 0.016 54382.329823 17.035 0.046 54382.33149 17.038 0.019
8.929012 0.931629 54385.348453 18.359 0.026 54385.35012 17.176 0.015 54385.346787 17.043 0.013 54385.34762 17.024 0.012 54385.349287 16.995 0.016
8.929012 0.931629 54387.348954 18.813 0.03 54387.35062 17.589 0.019 54387.347287 17.303 0.031 54387.34812 17.193 0.017 54387.349787 17.184 0.017
8.929012 0.931629 54392.343737 18.85 0.033 54392.345403 17.72 0.017 54392.34207 17.411 0.017 54392.342903 17.309 0.018 54392.34457 17.246 0.022
8.929012 0.931629 54402.342186 18.081 0.05 54402.343852 16.858 0.026 54402.340519 16.878 0.011 54402.341352 16.891 0.012 54402.343019 16.929 0.02
