-12.144055 -0.76148 51467.345077 21.633 0.332 51467.346743 20.126 0.027 51467.34341 20.046 0.032 51467.344243 19.953 0.041 51467.34591 19.891 0.171
-12.144055 -0.76148 51819.321063 21.126 0.127 51819.322729 19.848 0.017 51819.319396 19.846 0.019 51819.320229 19.916 0.024 51819.321896 19.799 0.084
-12.144055 -0.76148 52558.286345 22.432 0.394 52558.288011 20.747 0.035 52558.284678 20.476 0.032 52558.285511 20.427 0.038 52558.287178 20.231 0.128
-12.144055 -0.76148 52577.173841 21.191 0.154 52577.175507 19.905 0.018 52577.172174 19.938 0.026 52577.173007 19.92 0.035 52577.174674 19.809 0.127
-12.144055 -0.76148 52586.17732 21.753 0.206 52586.178986 20.673 0.03 52586.175653 20.391 0.039 52586.176486 20.245 0.044 52586.178153 20.237 0.163
-12.144055 -0.76148 52910.257804 21.498 0.138 52910.25947 20.484 0.022 52910.256137 20.303 0.024 52910.25697 20.278 0.031 52910.258637 20.26 0.11
-12.144055 -0.76148 52931.188003 21.793 0.196 52931.189669 20.536 0.026 52931.186336 20.265 0.025 52931.187169 20.167 0.029 52931.188836 20.236 0.11
-12.144055 -0.76148 52935.184967 21.249 0.143 52935.186633 19.82 0.016 52935.1833 19.822 0.021 52935.184133 19.874 0.029 52935.1858 20.025 0.115
-12.144055 -0.76148 52959.128294 22.009 0.219 52959.12996 20.618 0.025 52959.126627 20.332 0.028 52959.12746 20.208 0.031 52959.129127 20.092 0.094
-12.144055 -0.76148 52963.108038 21.138 0.096 52963.109704 19.834 0.015 52963.106371 19.81 0.017 52963.107204 19.837 0.021 52963.108871 19.784 0.068
-12.144055 -0.76148 53313.178167 21.195 0.15 53313.179833 20.172 0.025 53313.1765 20.081 0.027 53313.177333 19.998 0.037 53313.179 20.096 0.147
-12.144055 -0.76148 53352.079103 20.981 0.109 53352.080769 19.867 0.016 53352.077436 19.788 0.02 53352.078269 19.812 0.027 53352.079936 20.021 0.121
-12.144055 -0.76148 53622.287409 21.42 0.226 53622.289075 20.513 0.035 53622.285742 20.187 0.034 53622.286575 20.102 0.044 53622.288242 20.033 0.17
-12.144055 -0.76148 53634.236879 21.319 0.556 53634.238545 19.768 0.066 53634.235212 19.833 0.06 53634.236045 -99.99 0.067 53634.237712 19.982 0.222
-12.144055 -0.76148 53636.242411 21.14 0.293 53636.244077 20.445 0.061 53636.240744 -99.99 0.069 53636.241577 19.965 0.067 53636.243244 19.801 0.167
-12.144055 -0.76148 53638.278213 21.8 0.235 53638.279879 20.657 0.032 53638.276546 20.422 0.031 53638.277379 20.226 0.031 53638.279046 20.442 0.135
-12.144055 -0.76148 53640.242248 -99.99 0.513 53640.243914 -99.99 0.078 53640.240581 -99.99 0.097 53640.241414 19.995 0.043 53640.243081 -99.99 0.394
-12.144055 -0.76148 53655.214417 21.658 0.51 53655.216083 20.528 0.076 53655.21275 20.328 0.067 53655.213583 20.307 0.072 53655.21525 19.76 0.147
-12.144055 -0.76148 53664.239375 21.766 0.507 53664.241041 20.647 0.067 53664.237708 20.324 0.051 53664.238541 20.247 0.051 53664.240208 20.78 0.285
-12.144055 -0.76148 53666.202979 21.774 0.208 53666.204645 20.605 0.035 53666.201312 20.332 0.036 53666.202145 20.24 0.04 53666.203812 20.201 0.132
-12.144055 -0.76148 53669.198617 21.926 0.228 53669.200283 20.747 0.028 53669.19695 20.469 0.036 53669.197783 20.321 0.037 53669.19945 20.428 0.158
-12.144055 -0.76148 53671.283397 21.028 0.177 53671.285063 20.043 0.022 53671.28173 19.917 0.026 53671.282563 19.974 0.032 53671.28423 19.746 0.097
-12.144055 -0.76148 53674.182852 21.982 0.312 53674.184518 20.742 0.031 53674.181185 20.461 0.04 53674.182018 20.402 0.049 53674.183685 20.183 0.137
-12.144055 -0.76148 53676.272341 21.767 0.274 53676.274007 20.431 0.025 53676.270674 20.189 0.032 53676.271507 20.055 0.033 53676.273174 20.006 0.099
-12.144055 -0.76148 53679.244227 21.311 0.198 53679.245893 20.321 0.027 53679.24256 20.149 0.032 53679.243393 19.936 0.035 53679.24506 19.808 0.117
-12.144055 -0.76148 53681.235739 21.703 0.227 53681.237405 20.659 0.032 53681.234072 20.347 0.028 53681.234905 20.251 0.03 53681.236572 20.245 0.12
-12.144055 -0.76148 53685.194788 20.919 0.53 53685.196454 19.907 0.107 53685.193121 19.864 0.091 53685.193954 19.52 0.086 53685.195621 20.355 0.483
-12.144055 -0.76148 53687.23313 22.283 1.326 53687.234796 20.589 0.103 53687.231463 20.347 0.067 53687.232296 20.101 0.049 53687.233963 20.174 0.153
-12.144055 -0.76148 53697.192763 22.492 1.135 53697.194429 20.67 0.08 53697.191096 20.507 0.079 53697.191929 20.522 0.107 53697.193596 20.206 0.358
-12.144055 -0.76148 53700.191722 21.411 0.188 53700.193388 20.599 0.033 53700.190055 20.386 0.035 53700.190888 20.315 0.044 53700.192555 20.472 0.2
-12.144055 -0.76148 53705.178391 21.395 0.192 53705.180057 20.082 0.02 53705.176724 20.014 0.024 53705.177557 19.983 0.029 53705.179224 19.962 0.102
-12.144055 -0.76148 53975.263409 21.384 0.16 53975.265076 19.997 0.026 53975.261743 19.889 0.026 53975.262576 19.912 0.031 53975.264243 19.767 0.098
-12.144055 -0.76148 53993.331214 21.667 0.243 53993.33288 -99.99 0.052 53993.329547 20.457 0.03 53993.33038 20.328 0.037 53993.332047 20.656 0.293
-12.144055 -0.76148 53996.270119 21.88 0.214 53996.271786 20.706 0.034 53996.268452 20.453 0.037 53996.269286 20.279 0.034 53996.270952 20.254 0.128
-12.144055 -0.76148 53998.238759 21.229 0.104 53998.240426 20.172 0.021 53998.237092 20.1 0.023 53998.237926 20.017 0.024 53998.239592 19.961 0.07
-12.144055 -0.76148 54005.268988 22.34 0.279 54005.270655 20.669 0.029 54005.267322 20.398 0.024 54005.268155 20.226 0.032 54005.269822 20.391 0.113
-12.144055 -0.76148 54010.224226 21.603 0.204 54010.225893 20.73 0.042 54010.222559 20.391 0.033 54010.223393 20.317 0.032 54010.225059 20.346 0.098
-12.144055 -0.76148 54012.217085 20.932 0.206 54012.218752 19.856 0.039 54012.215419 19.894 0.035 54012.216252 19.906 0.036 54012.217919 19.835 0.08
-12.144055 -0.76148 54020.223063 21.197 0.194 54020.22473 20.164 0.028 54020.221396 20.061 0.026 54020.22223 19.959 0.036 54020.223896 19.999 0.127
-12.144055 -0.76148 54022.272342 21.792 0.195 54022.274009 20.677 0.031 54022.270675 20.433 0.03 54022.271509 20.252 0.03 54022.273175 20.292 0.123
-12.144055 -0.76148 54028.213426 21.832 0.29 54028.215093 20.518 0.029 54028.211759 20.239 0.032 54028.212593 20.137 0.042 54028.214259 19.967 0.126
-12.144055 -0.76148 54030.216627 21.948 0.21 54030.218294 20.791 0.033 54030.214961 20.463 0.03 54030.215794 20.276 0.029 54030.217461 20.3 0.103
-12.144055 -0.76148 54035.292456 20.816 0.215 54035.294123 19.825 0.027 54035.29079 19.847 0.032 54035.291623 19.769 0.036 54035.29329 20.356 0.296
-12.144055 -0.76148 54037.197846 21.165 0.168 54037.199513 20.195 0.03 54037.196179 20.068 0.035 54037.197013 20.007 0.037 54037.198679 19.913 0.105
-12.144055 -0.76148 54040.212392 21.381 0.342 54040.214059 20.033 0.051 54040.210725 19.911 0.041 54040.211559 19.906 0.042 54040.213225 20.019 0.125
-12.144055 -0.76148 54049.238888 21.397 0.414 54049.240555 19.938 0.042 54049.237222 19.939 0.041 54049.238055 19.954 0.043 54049.239722 19.81 0.134
-12.144055 -0.76148 54050.197059 22.566 0.729 54050.198726 20.655 0.061 54050.195393 20.402 0.058 54050.196226 20.303 0.063 54050.197893 20.206 0.187
-12.144055 -0.76148 54053.203159 21.786 0.223 54053.204825 20.722 0.034 54053.201492 20.467 0.037 54053.202325 20.209 0.036 54053.203992 20.225 0.145
-12.144055 -0.76148 54056.204803 21.654 0.365 54056.20647 20.661 0.052 54056.203137 20.249 0.044 54056.20397 20.285 0.06 54056.205637 20.187 0.241
-12.144055 -0.76148 54059.199095 21.493 0.244 54059.200762 20.534 0.039 54059.197429 20.214 0.04 54059.198262 20.231 0.043 54059.199929 19.822 0.129
-12.144055 -0.76148 54062.203991 21.635 0.31 54062.205658 20.512 0.036 54062.202324 20.294 0.049 54062.203158 20.144 0.052 54062.204824 20.261 0.215
-12.144055 -0.76148 54357.242268 21.907 0.244 54357.243934 20.726 0.039 54357.240601 20.434 0.041 54357.241434 20.321 0.038 54357.243101 20.237 0.115
-12.144055 -0.76148 54362.292105 21.797 0.218 54362.293771 20.607 0.028 54362.290438 20.378 0.03 54362.291271 20.328 0.04 54362.292938 20.608 0.186
-12.144055 -0.76148 54376.300749 21.078 0.128 54376.302416 19.82 0.027 54376.299082 19.85 0.022 54376.299916 19.919 0.03 54376.301582 19.924 0.092
-12.144055 -0.76148 54385.290116 -99.99 0.821 54385.291782 -99.99 0.034 54385.288449 20.504 0.032 54385.289282 20.346 0.033 54385.290949 20.326 0.139
-12.144055 -0.76148 54387.290606 21.27 0.172 54387.292273 20.054 0.023 54387.288939 19.969 0.023 54387.289773 19.983 0.034 54387.291439 19.956 0.108
-12.144055 -0.76148 54392.285334 21.527 0.232 54392.287 20.457 0.043 54392.283667 20.211 0.027 54392.2845 20.164 0.035 54392.286167 20.235 0.13
-12.144055 -0.76148 54402.284002 99.936 99.999 54402.285668 20.84 0.098 54402.282335 20.48 0.058 54402.283168 20.285 0.051 54402.284835 20.31 0.172
