-50.603065 0.241621 52075.320799 18.405 0.019 52075.322465 17.236 0.005 52075.319132 16.977 0.005 52075.319965 16.87 0.005 52075.321632 16.813 0.012
-50.603065 0.241621 52197.129484 18.409 0.018 52197.13115 17.203 0.007 52197.127817 16.907 0.009 52197.12865 16.78 0.009 52197.130317 16.702 0.014
-50.603065 0.241621 52557.167295 18.101 0.015 52557.168961 16.875 0.004 52557.165628 16.638 0.004 52557.166461 16.547 0.005 52557.168128 16.502 0.01
-50.603065 0.241621 52929.093597 18.16 0.016 52929.095263 16.963 0.006 52929.09193 16.71 0.008 52929.092763 16.591 0.008 52929.09443 16.543 0.012
-50.603065 0.241621 52934.073755 18.176 0.015 52934.075421 16.957 0.004 52934.072088 16.69 0.005 52934.072921 16.594 0.005 52934.074588 16.557 0.01
-50.603065 0.241621 52936.069679 17.771 0.012 52936.071345 16.641 0.004 52936.068012 16.571 0.005 52936.068845 16.519 0.005 52936.070512 16.518 0.01
-50.603065 0.241621 53243.254891 17.922 0.019 53243.256557 16.705 0.004 53243.253224 16.529 0.004 53243.254057 16.498 0.005 53243.255724 16.434 0.01
-50.603065 0.241621 53270.133738 18.436 0.025 53270.135404 17.208 0.008 53270.132071 16.905 0.007 53270.132904 16.774 0.008 53270.134571 16.69 0.02
-50.603065 0.241621 53288.110896 17.755 0.013 53288.112562 16.506 0.004 53288.109229 16.419 0.004 53288.110062 16.388 0.005 53288.111729 16.384 0.009
-50.603065 0.241621 53302.106564 18.227 0.02 53302.10823 17.026 0.005 53302.104897 16.734 0.005 53302.10573 16.624 0.006 53302.107397 16.558 0.01
-50.603065 0.241621 53312.062103 18.149 0.019 53312.06377 16.951 0.006 53312.060437 16.699 0.007 53312.06127 16.588 0.008 53312.062937 16.559 0.018
-50.603065 0.241621 53623.157874 18.373 0.021 53623.15954 17.22 0.005 53623.156207 16.912 0.005 53623.15704 16.79 0.005 53623.158707 16.706 0.011
-50.603065 0.241621 53626.144087 17.477 0.013 53626.145753 16.238 0.004 53626.14242 16.226 0.005 53626.143253 16.265 0.005 53626.14492 16.279 0.009
-50.603065 0.241621 53628.128952 18.405 0.032 53628.130618 17.213 0.006 53628.127285 16.917 0.005 53628.128118 16.773 0.006 53628.129785 16.705 0.013
-50.603065 0.241621 53637.130564 18.527 0.022 53637.13223 17.297 0.005 53637.128897 17.029 0.005 53637.12973 16.905 0.005 53637.131397 16.83 0.014
-50.603065 0.241621 53644.123008 18.323 0.021 53644.124675 17.164 0.006 53644.121341 16.814 0.009 53644.122175 16.707 0.024 53644.123841 16.655 0.018
-50.603065 0.241621 53649.117634 18.531 0.057 53649.1193 -99.99 0.009 53649.115967 16.872 0.007 53649.1168 16.76 0.01 53649.118467 -99.99 0.038
-50.603065 0.241621 53654.157635 18.412 0.026 53654.159301 17.227 0.006 53654.155968 -99.99 0.006 53654.156801 -99.99 0.013 53654.158468 16.752 0.014
-50.603065 0.241621 53656.105225 17.656 0.016 53656.106891 16.437 0.004 53656.103558 16.352 0.004 53656.104391 16.356 0.005 53656.106058 16.376 0.01
-50.603065 0.241621 53665.096504 18.156 0.05 53665.09817 16.933 0.008 53665.094837 -99.99 0.014 53665.09567 -99.99 0.018 53665.097337 16.523 0.032
-50.603065 0.241621 53668.108136 18.33 0.02 53668.109802 17.156 0.004 53668.106469 16.881 0.004 53668.107302 16.764 0.005 53668.108969 16.718 0.014
-50.603065 0.241621 53670.112989 18.195 0.017 53670.114655 16.993 0.004 53670.111322 16.723 0.004 53670.112155 16.603 0.005 53670.113822 16.57 0.011
-50.603065 0.241621 53673.08097 18.388 0.019 53673.082636 17.199 0.004 53673.079303 16.918 0.005 53673.080136 16.787 0.005 53673.081803 16.722 0.011
-50.603065 0.241621 53675.07786 18.179 0.016 53675.079526 16.932 0.004 53675.076193 16.682 0.005 53675.077026 16.57 0.005 53675.078693 16.549 0.01
-50.603065 0.241621 53677.098893 17.53 0.011 53677.100559 16.273 0.004 53677.097226 16.323 0.005 53677.098059 16.32 0.005 53677.099726 16.314 0.009
-50.603065 0.241621 53680.085558 18.205 0.016 53680.087224 16.988 0.005 53680.083891 16.721 0.005 53680.084724 16.608 0.006 53680.086391 16.562 0.01
-50.603065 0.241621 53693.087463 18.41 0.02 53693.089129 17.247 0.005 53693.085796 16.952 0.005 53693.086629 16.839 0.005 53693.088296 16.791 0.012
-50.603065 0.241621 53702.083139 17.472 0.019 53702.084806 16.249 0.009 53702.081473 16.226 0.019 53702.082306 16.268 0.009 53702.083973 16.276 0.014
-50.603065 0.241621 53703.092266 18.448 0.025 53703.093932 17.314 0.008 53703.090599 17.004 0.006 53703.091432 16.869 0.008 53703.093099 16.837 0.015
-50.603065 0.241621 53704.070792 18.476 0.024 53704.072458 17.221 0.005 53704.069125 16.907 0.004 53704.069958 16.775 0.005 53704.071625 16.72 0.012
-50.603065 0.241621 53974.158732 17.635 0.017 53974.160399 16.441 0.018 53974.157066 16.426 0.008 53974.157899 16.395 0.009 53974.159566 16.415 0.019
-50.603065 0.241621 53989.14817 17.385 0.02 53989.149837 16.145 0.02 53989.146503 16.157 0.012 53989.147337 16.224 0.004 53989.149003 16.237 0.015
-50.603065 0.241621 53995.156085 18.495 0.021 53995.157752 17.295 0.006 53995.154418 16.989 0.005 53995.155252 16.857 0.006 53995.156918 16.83 0.013
-50.603065 0.241621 53997.13446 18.281 0.021 53997.136126 17.082 0.016 53997.132793 -99.99 0.005 53997.133626 16.626 0.037 53997.135293 16.622 0.027
-50.603065 0.241621 54005.106308 18.39 0.017 54005.107974 17.208 0.006 54005.104641 16.926 0.004 54005.105474 16.806 0.006 54005.107141 16.762 0.013
-50.603065 0.241621 54007.119062 18.29 0.023 54007.120728 17.107 0.008 54007.117395 16.81 0.008 54007.118228 16.656 0.007 54007.119895 16.622 0.016
-50.603065 0.241621 54009.116165 17.461 0.017 54009.117832 16.21 0.008 54009.114498 16.22 0.008 54009.115332 16.218 0.018 54009.116998 16.26 0.017
-50.603065 0.241621 54011.18066 18.386 0.026 54011.182327 17.181 0.01 54011.178993 16.874 0.01 54011.179827 16.768 0.01 54011.181493 16.734 0.014
-50.603065 0.241621 54025.179678 17.406 0.025 54025.181344 16.182 0.007 54025.178011 16.181 0.007 54025.178844 16.241 0.006 54025.180511 16.216 0.021
-50.603065 0.241621 54029.110009 17.724 0.017 54029.111676 16.459 0.009 54029.108343 16.383 0.009 54029.109176 16.348 0.009 54029.110843 16.363 0.015
-50.603065 0.241621 54051.08661 18.365 0.041 54051.088276 17.186 0.012 54051.084943 16.871 0.018 54051.085776 16.76 0.015 54051.087443 -99.99 0.029
-50.603065 0.241621 54356.188174 18.053 0.018 54356.189841 16.842 0.008 54356.186507 16.6 0.008 54356.187341 16.503 0.01 54356.189007 16.505 0.018
-50.603065 0.241621 54358.133277 18.339 0.025 54358.134944 17.162 0.009 54358.131611 16.871 0.011 54358.132444 16.797 0.008 54358.134111 16.728 0.018
-50.603065 0.241621 54381.178032 18.148 0.021 54381.179699 16.942 0.016 54381.176365 16.701 0.02 54381.177199 16.604 0.006 54381.178865 16.544 0.018
-50.603065 0.241621 54382.175432 17.84 0.019 54382.177099 16.504 0.024 54382.173765 16.431 0.028 54382.174599 16.42 0.007 54382.176265 -99.99 0.024
-50.603065 0.241621 54383.181165 17.684 0.02 54383.182832 16.506 0.005 54383.179498 16.46 0.007 54383.180332 16.459 0.005 54383.181998 16.435 0.017
-50.603065 0.241621 54386.178186 18.215 0.023 54386.179853 16.999 0.007 54386.176519 16.729 0.006 54386.177353 16.582 0.007 54386.179019 16.527 0.014
-50.603065 0.241621 54388.182453 17.5 0.018 54388.184119 16.258 0.006 54388.180786 16.298 0.008 54388.181619 16.301 0.007 54388.183286 16.306 0.013
-50.603065 0.241621 54403.096231 18.461 0.021 54403.097897 17.282 0.01 54403.094564 17.001 0.006 54403.095397 16.885 0.011 54403.097064 16.835 0.015
-50.603065 0.241621 54406.090055 18.097 0.018 54406.091721 16.858 0.01 54406.088388 16.625 0.006 54406.089221 16.559 0.007 54406.090888 16.513 0.016
-50.603065 0.241621 54412.092984 17.69 0.017 54412.094651 16.481 0.007 54412.091318 16.363 0.013 54412.092151 16.373 0.007 54412.093818 16.351 0.017
-50.603065 0.241621 54415.130541 18.376 0.024 54415.132207 17.239 0.008 54415.128874 16.971 0.008 54415.129707 16.762 0.008 54415.131374 16.735 0.015
