-12.145799 -1.107973 51467.345098 17.628 0.014 51467.346764 16.372 0.004 51467.343431 16.303 0.004 51467.344264 16.32 0.004 51467.345931 16.321 0.01
-12.145799 -1.107973 51819.321121 17.021 0.008 51819.322787 15.801 0.004 51819.319454 15.894 0.004 51819.320287 16.012 0.005 51819.321954 16.059 0.007
-12.145799 -1.107973 52558.286341 18.024 0.014 52558.288007 16.757 0.004 52558.284674 16.559 0.005 52558.285507 16.503 0.005 52558.287174 16.494 0.009
-12.145799 -1.107973 52577.173836 18.311 0.016 52577.175502 17.092 0.004 52577.172169 16.808 0.004 52577.173002 16.724 0.005 52577.174669 16.679 0.011
-12.145799 -1.107973 52586.177314 18.286 0.014 52586.17898 17.068 0.004 52586.175647 16.82 0.004 52586.17648 16.727 0.005 52586.178147 16.714 0.01
-12.145799 -1.107973 52910.257798 17.637 0.01 52910.259464 16.383 0.004 52910.256131 16.315 0.005 52910.256964 16.326 0.005 52910.258631 16.349 0.008
-12.145799 -1.107973 52931.187997 18.245 0.014 52931.189663 17.05 0.005 52931.18633 16.816 0.005 52931.187163 16.727 0.005 52931.18883 16.725 0.009
-12.145799 -1.107973 52935.184962 17.867 0.012 52935.186628 16.661 0.004 52935.183295 16.491 0.004 52935.184128 16.444 0.005 52935.185795 16.473 0.009
-12.145799 -1.107973 52959.128288 17.898 0.012 52959.129954 16.662 0.004 52959.126621 16.501 0.004 52959.127454 16.457 0.005 52959.129121 16.453 0.008
-12.145799 -1.107973 52963.108032 18.208 0.013 52963.109698 17.056 0.005 52963.106365 16.823 0.005 52963.107198 16.728 0.006 52963.108865 16.741 0.023
-12.145799 -1.107973 53313.178161 18.266 0.015 53313.179827 17.07 0.004 53313.176494 16.812 0.004 53313.177327 16.712 0.005 53313.178994 16.664 0.01
-12.145799 -1.107973 53352.079098 18.193 0.014 53352.080764 16.955 0.004 53352.077431 16.699 0.005 53352.078264 16.614 0.005 53352.079931 16.589 0.01
-12.145799 -1.107973 53622.287402 17.394 0.01 53622.289068 16.106 0.003 53622.285735 16.126 0.004 53622.286568 16.198 0.004 53622.288235 16.229 0.009
-12.145799 -1.107973 53634.236873 18.193 0.031 53634.238539 -99.99 0.007 53634.235206 16.817 0.006 53634.236039 16.689 0.006 53634.237706 16.675 0.013
-12.145799 -1.107973 53636.242406 18.422 0.026 53636.244072 17.186 0.006 53636.240739 16.903 0.006 53636.241572 16.807 0.006 53636.243239 16.805 0.013
-12.145799 -1.107973 53638.278207 17.631 0.011 53638.279873 16.355 0.004 53638.27654 16.294 0.004 53638.277373 16.31 0.005 53638.27904 16.347 0.008
-12.145799 -1.107973 53640.242243 18.052 0.036 53640.243909 -99.99 0.01 53640.240576 -99.99 0.007 53640.241409 -99.99 0.005 53640.243076 -99.99 0.023
-12.145799 -1.107973 53655.214412 -99.99 0.017 53655.216078 16.616 0.004 53655.212745 16.433 0.004 53655.213578 16.424 0.004 53655.215245 16.392 0.01
-12.145799 -1.107973 53664.239371 18.276 0.023 53664.241037 17.022 0.005 53664.237704 16.754 0.005 53664.238537 16.674 0.005 53664.240204 16.642 0.01
-12.145799 -1.107973 53666.202973 18.254 0.015 53666.204639 17.06 0.005 53666.201306 16.817 0.005 53666.202139 16.719 0.006 53666.203806 16.685 0.01
-12.145799 -1.107973 53669.198612 17.096 0.008 53669.200278 15.853 0.003 53669.196945 15.945 0.004 53669.197778 16.062 0.004 53669.199445 16.103 0.007
-12.145799 -1.107973 53671.283393 18.221 0.02 53671.285059 17.028 0.005 53671.281726 16.764 0.004 53671.282559 16.655 0.005 53671.284226 16.639 0.01
-12.145799 -1.107973 53674.182847 18.296 0.017 53674.184513 17.066 0.004 53674.18118 16.814 0.004 53674.182013 16.714 0.005 53674.18368 16.696 0.01
-12.145799 -1.107973 53676.272336 17.39 0.011 53676.274002 16.137 0.004 53676.270669 16.152 0.004 53676.271502 16.193 0.004 53676.273169 16.215 0.008
-12.145799 -1.107973 53679.244222 18.177 0.017 53679.245888 16.972 0.004 53679.242555 16.711 0.004 53679.243388 16.604 0.005 53679.245055 16.585 0.01
-12.145799 -1.107973 53681.235733 18.266 0.017 53681.237399 17.072 0.005 53681.234066 16.81 0.005 53681.234899 16.718 0.006 53681.236566 16.687 0.01
-12.145799 -1.107973 53685.194783 17.479 0.022 53685.196449 16.143 0.005 53685.193116 16.142 0.005 53685.193949 -99.99 0.006 53685.195616 16.265 0.014
-12.145799 -1.107973 53687.233124 18.216 0.034 53687.23479 17.023 0.006 53687.231457 16.74 0.005 53687.23229 16.648 0.006 53687.233957 16.606 0.01
-12.145799 -1.107973 53697.192757 18.278 0.033 53697.194423 17.034 0.007 53697.19109 16.831 0.006 53697.191923 16.714 0.007 53697.19359 16.733 0.021
-12.145799 -1.107973 53700.191717 17.185 0.01 53700.193383 15.939 0.003 53700.19005 16.011 0.004 53700.190883 16.102 0.004 53700.19255 16.141 0.008
-12.145799 -1.107973 53705.178386 18.285 0.017 53705.180052 17.068 0.005 53705.176719 16.807 0.005 53705.177552 16.718 0.005 53705.179219 16.701 0.009
-12.145799 -1.107973 53975.263406 17.336 0.019 53975.265073 16.067 0.021 53975.26174 16.082 0.015 53975.262573 16.141 0.012 53975.26424 16.165 0.016
-12.145799 -1.107973 53993.331198 18.308 0.025 53993.332864 17.094 0.015 53993.329531 16.802 0.011 53993.330364 16.702 0.013 53993.332031 16.727 0.023
-12.145799 -1.107973 53996.270124 -99.99 0.018 53996.271791 17.188 0.014 53996.268458 16.922 0.001 53996.269291 16.828 0.014 53996.270958 16.784 0.018
-12.145799 -1.107973 53998.238744 17.073 0.013 53998.24041 15.857 0.022 53998.237077 15.94 0.01 53998.23791 16.042 0.01 53998.239577 16.072 0.019
-12.145799 -1.107973 54005.268994 16.908 0.012 54005.270661 15.789 0.021 54005.267327 15.857 0.01 54005.268161 15.992 0.016 54005.269827 16.038 0.016
-12.145799 -1.107973 54010.22423 18.266 0.023 54010.225896 17.114 0.018 54010.222563 16.813 0.015 54010.223396 16.7 0.013 54010.225063 16.67 0.016
-12.145799 -1.107973 54012.217071 18.353 0.023 54012.218737 17.149 0.018 54012.215404 16.873 0.011 54012.216237 16.777 0.018 54012.217904 16.765 0.018
-12.145799 -1.107973 54020.22305 18.37 0.028 54020.224716 17.164 0.021 54020.221383 16.911 0.012 54020.222216 16.826 0.013 54020.223883 16.818 0.017
-12.145799 -1.107973 54022.272321 17.743 0.017 54022.273988 16.572 0.021 54022.270655 16.43 0.018 54022.271488 16.408 0.013 54022.273155 16.407 0.014
-12.145799 -1.107973 54028.21342 18.248 0.021 54028.215086 17.043 0.02 54028.211753 16.868 0.014 54028.212586 16.776 0.016 54028.214253 16.791 0.02
-12.145799 -1.107973 54030.216626 17.567 0.02 54030.218293 16.366 0.025 54030.21496 16.26 0.013 54030.215793 16.285 0.01 54030.21746 16.309 0.012
-12.145799 -1.107973 54035.292413 16.919 0.013 54035.294079 15.677 0.015 54035.290746 15.868 0.013 54035.291579 15.959 0.024 54035.293246 16.056 0.045
-12.145799 -1.107973 54037.197866 17.032 0.019 54037.199532 15.861 0.022 54037.196199 15.921 0.011 54037.197032 16.036 0.013 54037.198699 16.091 0.012
-12.145799 -1.107973 54040.21236 18.171 0.034 54040.214026 17.001 0.016 54040.210693 16.723 0.012 54040.211526 16.623 0.01 54040.213193 16.597 0.014
-12.145799 -1.107973 54049.238787 18.289 0.033 54049.240454 17.084 0.013 54049.237121 16.807 0.01 54049.237954 16.696 0.015 54049.239621 16.696 0.02
-12.145799 -1.107973 54050.196986 18.333 0.041 54050.198653 17.074 0.038 54050.195319 16.807 0.025 54050.196153 16.763 0.016 54050.197819 16.717 0.019
-12.145799 -1.107973 54053.203132 17.489 0.017 54053.204799 16.225 0.021 54053.201466 16.195 0.014 54053.202299 16.217 0.013 54053.203966 16.25 0.014
-12.145799 -1.107973 54056.204797 18.271 0.038 54056.206463 17.082 0.027 54056.20313 16.81 0.018 54056.203963 16.675 0.028 54056.20563 16.65 0.015
-12.145799 -1.107973 54059.199081 18.15 0.019 54059.200748 17.014 0.024 54059.197415 16.823 0.012 54059.198248 16.716 0.013 54059.199915 16.749 0.014
-12.145799 -1.107973 54062.203973 17.923 0.02 54062.20564 16.695 0.029 54062.202306 16.522 0.015 54062.20314 16.468 0.014 54062.204806 16.449 0.023
-12.145799 -1.107973 54357.242264 18.358 0.024 54357.24393 17.186 0.024 54357.240597 16.925 0.013 54357.24143 16.835 0.014 54357.243097 16.812 0.015
-12.145799 -1.107973 54362.292103 18.289 0.024 54362.293769 17.089 0.017 54362.290436 16.813 0.015 54362.291269 16.718 0.022 54362.292936 16.699 0.022
-12.145799 -1.107973 54376.300742 18.194 0.024 54376.302409 17.044 0.02 54376.299076 16.734 0.018 54376.299909 16.649 0.021 54376.301576 16.583 0.027
-12.145799 -1.107973 54385.290101 -99.99 0.047 54385.291768 17.077 0.028 54385.288435 16.819 0.014 54385.289268 16.716 0.017 54385.290935 16.659 0.023
-12.145799 -1.107973 54387.290603 18.319 0.019 54387.29227 17.143 0.017 54387.288936 16.933 0.018 54387.28977 16.815 0.012 54387.291436 16.801 0.016
-12.145799 -1.107973 54392.285315 18.246 0.019 54392.286981 17.088 0.019 54392.283648 16.782 0.015 54392.284481 16.689 0.016 54392.286148 16.67 0.019
-12.145799 -1.107973 54402.283829 18.315 0.03 54402.285495 17.169 0.018 54402.282162 16.878 0.015 54402.282995 16.795 0.012 54402.284662 16.787 0.017
