17.114624 1.05495 51081.330999 22.058 0.344 51081.332665 20.864 0.041 51081.329332 20.802 0.058 51081.330165 20.722 0.086 51081.331832 20.829 0.292
17.114624 1.05495 52196.366467 22.231 0.312 52196.368133 20.988 0.038 52196.3648 20.895 0.054 52196.365633 20.771 0.072 52196.3673 20.725 0.242
17.114624 1.05495 52197.360881 24.811 1.685 52197.362547 21.128 0.05 52197.359214 21.02 0.06 52197.360047 21.074 0.104 52197.361714 20.988 0.325
17.114624 1.05495 52207.333224 22.352 0.3 52207.33489 21.302 0.043 52207.331557 20.966 0.047 52207.33239 21.073 0.081 52207.334057 21.327 0.347
17.114624 1.05495 52225.211067 22.082 0.224 52225.212733 21.185 0.037 52225.2094 20.991 0.048 52225.210233 20.965 0.073 52225.2119 21.573 0.413
17.114624 1.05495 52231.246849 22.236 0.263 52231.248515 20.994 0.033 52231.245182 20.897 0.043 52231.246015 20.884 0.064 52231.247682 21.184 0.277
17.114624 1.05495 52234.217939 22.328 0.289 52234.219605 21.362 0.047 52234.216272 21.086 0.053 52234.217105 20.951 0.069 52234.218772 20.858 0.2
17.114624 1.05495 52557.35485 22.246 0.331 52557.356516 21.007 0.039 52557.353183 20.774 0.046 52557.354016 20.763 0.071 52557.355683 21.395 0.44
17.114624 1.05495 52578.250936 22.364 0.29 52578.252602 21.022 0.035 52578.249269 20.842 0.04 52578.250102 20.916 0.071 52578.251769 20.801 0.224
17.114624 1.05495 52908.329416 22.486 0.349 52908.331082 21.238 0.042 52908.327749 21.09 0.052 52908.328582 21.119 0.088 52908.330249 20.734 0.217
17.114624 1.05495 52934.26132 22.038 0.27 52934.262986 20.929 0.039 52934.259653 20.779 0.049 52934.260486 20.925 0.105 52934.262153 21.1 0.377
17.114624 1.05495 52936.257245 22.12 0.235 52936.258911 20.932 0.033 52936.255578 20.876 0.042 52936.256411 20.844 0.062 52936.258078 20.816 0.251
17.114624 1.05495 53270.32131 21.815 0.163 53270.322976 20.886 0.029 53270.319643 20.828 0.039 53270.320476 20.839 0.054 53270.322143 21.209 0.245
17.114624 1.05495 53272.371248 22.322 0.244 53272.372914 21.023 0.031 53272.369581 20.874 0.041 53272.370414 20.874 0.069 53272.372081 21.127 0.265
17.114624 1.05495 53286.339966 22.168 0.388 53286.341632 20.906 0.039 53286.338299 20.864 0.066 53286.339132 20.884 0.083 53286.340799 20.737 0.208
17.114624 1.05495 53288.298459 22.095 0.352 53288.300125 20.976 0.038 53288.296792 20.88 0.047 53288.297625 20.945 0.078 53288.299292 21.328 0.385
17.114624 1.05495 53294.346132 21.958 0.267 53294.347798 21.379 0.058 53294.344465 21.249 0.075 53294.345298 21.128 0.098 53294.346965 21.146 0.312
17.114624 1.05495 53296.293259 22.504 0.461 53296.294926 21.344 0.056 53296.291592 21.223 0.078 53296.292426 21.265 0.122 53296.294092 21.607 0.607
17.114624 1.05495 53298.342909 22.041 0.293 53298.344575 20.797 0.037 53298.341242 20.874 0.07 53298.342075 20.819 0.092 53298.343742 21.778 0.642
17.114624 1.05495 53302.294127 21.488 0.285 53302.295793 20.813 0.074 53302.29246 20.803 0.072 53302.293293 20.815 0.09 53302.29496 20.816 0.256
17.114624 1.05495 53312.249655 22.807 0.793 53312.251321 21.442 0.083 53312.247988 21.198 0.08 53312.248821 21.232 0.119 53312.250488 22.235 1.76
17.114624 1.05495 53314.250856 22.426 0.357 53314.252522 20.963 0.038 53314.249189 20.913 0.055 53314.250022 20.976 0.094 53314.251689 20.323 0.189
17.114624 1.05495 53616.355216 22.965 0.828 53616.356882 21.312 0.065 53616.353549 21.197 0.088 53616.354382 21.03 0.111 53616.356049 20.734 0.309
17.114624 1.05495 53622.368444 21.562 0.243 53622.37011 20.979 0.041 53622.366777 20.894 0.057 53622.36761 20.619 0.074 53622.369277 20.73 0.292
17.114624 1.05495 53626.331641 22.285 0.302 53626.333307 20.862 0.032 53626.329974 20.76 0.04 53626.330807 20.823 0.065 53626.332474 20.423 0.157
17.114624 1.05495 53628.316506 21.064 0.265 53628.318172 20.784 0.081 53628.314839 20.828 0.08 53628.315672 20.926 0.105 53628.317339 20.972 0.313
17.114624 1.05495 53634.317914 22.235 0.984 53634.31958 21.091 0.149 53634.316247 21.286 0.137 53634.31708 21.189 0.159 53634.318747 21.497 0.553
17.114624 1.05495 53637.318124 21.984 0.493 53637.31979 21.109 0.093 53637.316457 21.013 0.078 53637.31729 21.061 0.124 53637.318957 21.107 0.437
17.114624 1.05495 53639.363502 22.499 0.376 53639.365168 21.345 0.048 53639.361835 21.132 0.05 53639.362668 21.139 0.072 53639.364335 20.955 0.191
17.114624 1.05495 53641.362655 23.196 0.582 53641.364321 21.357 0.043 53641.360988 21.171 0.054 53641.361821 21.09 0.072 53641.363488 20.959 0.198
17.114624 1.05495 53654.345193 21.737 0.185 53654.346859 20.915 0.031 53654.343526 20.833 0.046 53654.344359 20.856 0.074 53654.346026 20.757 0.226
17.114624 1.05495 53663.306097 22.415 0.648 53663.307763 21.135 0.088 53663.30443 20.793 0.064 53663.305263 21.02 0.095 53663.30693 21.291 0.327
17.114624 1.05495 53668.295699 21.513 0.215 53668.297365 20.755 0.044 53668.294032 20.847 0.059 53668.294865 20.785 0.088 53668.296532 21.223 0.386
17.114624 1.05495 53670.30055 21.666 0.223 53670.302216 20.855 0.035 53670.298883 20.803 0.063 53670.299716 20.954 0.098 53670.301383 20.701 0.218
17.114624 1.05495 53673.268535 22.083 0.27 53673.270201 21.297 0.04 53673.266868 21.038 0.051 53673.267701 21.026 0.081 53673.269368 21.17 0.265
17.114624 1.05495 53675.265425 22.302 0.323 53675.267091 21.034 0.04 53675.263758 20.969 0.052 53675.264591 20.837 0.079 53675.266258 21.155 0.32
17.114624 1.05495 53677.286454 21.921 0.219 53677.28812 20.833 0.029 53677.284787 20.79 0.039 53677.28562 20.851 0.06 53677.287287 20.525 0.136
17.114624 1.05495 53680.273121 22.277 0.31 53680.274787 21.346 0.045 53680.271454 21.085 0.058 53680.272287 20.95 0.073 53680.273954 21.243 0.294
17.114624 1.05495 53693.275015 22.231 0.717 53693.276681 20.801 0.074 53693.273348 20.897 0.079 53693.274181 20.938 0.102 53693.275848 20.572 0.212
17.114624 1.05495 53698.272404 21.7 0.212 53698.27407 20.805 0.032 53698.270737 20.831 0.05 53698.27157 20.903 0.079 53698.273237 20.576 0.187
17.114624 1.05495 53704.258338 23.457 1.474 53704.260004 21.124 0.064 53704.256671 20.811 0.07 53704.257504 20.867 0.123 53704.259171 20.887 0.471
17.114624 1.05495 53989.354389 22.004 0.492 53989.356055 20.957 0.089 53989.352722 20.637 0.074 53989.353555 20.662 0.083 53989.355222 20.712 0.27
17.114624 1.05495 53990.357245 -99.99 99.999 53990.358912 21.29 0.102 53990.355578 21.139 0.101 53990.356412 -99.99 0.1 53990.358078 20.761 0.267
17.114624 1.05495 53995.369011 22.436 0.278 53995.370677 21.349 0.039 53995.367344 21.318 0.057 53995.368177 21.182 0.077 53995.369844 21.403 0.28
17.114624 1.05495 53996.351161 100.005 99.999 53996.352828 20.927 0.038 53996.349495 20.952 0.051 53996.350328 20.803 0.074 53996.351995 20.924 0.297
17.114624 1.05495 54000.329803 21.545 0.206 54000.33147 21.324 0.051 54000.328137 21.111 0.06 54000.32897 20.995 0.09 54000.330637 21.874 1
17.114624 1.05495 54006.276574 22.487 0.348 54006.278241 21.247 0.038 54006.274907 21.283 0.048 54006.275741 -99.99 0.069 54006.277407 -99.99 0.374
17.114624 1.05495 54007.379955 22.523 0.637 54007.381621 21.391 0.064 54007.378288 21.093 0.071 54007.379121 21.142 0.119 54007.380788 21.255 0.496
17.114624 1.05495 54009.303759 22.185 0.286 54009.305425 21.202 0.039 54009.302092 21.225 0.059 54009.302925 21.178 0.083 54009.304592 20.57 0.286
17.114624 1.05495 54011.368218 22.071 0.185 54011.369885 21.009 0.032 54011.366551 20.973 0.042 54011.367385 20.933 0.061 54011.369051 21.517 0.285
17.114624 1.05495 54024.38572 22.23 0.457 54024.387387 21.156 0.052 54024.384053 21.053 0.075 54024.384887 21.024 0.102 54024.386553 21.018 0.335
17.114624 1.05495 54025.367275 22.523 0.55 54025.368941 21.076 0.059 54025.365608 21.02 0.074 54025.366441 20.979 0.115 54025.368108 21.001 0.335
17.114624 1.05495 54029.297597 21.398 0.155 54029.299264 20.913 0.034 54029.295931 20.904 0.057 54029.296764 21.04 0.118 54029.298431 20.661 0.181
17.114624 1.05495 54059.280117 21.632 0.261 54059.281784 20.952 0.039 54059.27845 20.77 0.054 54059.279284 20.738 0.081 54059.28095 21.093 0.387
17.114624 1.05495 54061.291294 -99.99 0.826 54061.292961 21.025 0.054 54061.289628 20.902 0.073 54061.290461 20.783 0.091 54061.292128 21.061 0.402
17.114624 1.05495 54062.285034 99.988 99.999 54062.2867 21.338 0.047 54062.283367 21.272 0.07 54062.2842 21.175 0.109 54062.285867 20.705 0.242
17.114624 1.05495 54348.364961 22.592 0.542 54348.366628 20.884 0.044 54348.363294 20.917 0.049 54348.364128 20.95 0.077 54348.365794 20.638 0.198
17.114624 1.05495 54357.323358 99.992 99.999 54357.325024 99.977 99.999 54357.321691 20.807 0.033 54357.322524 99.992 99.999 54357.324191 99.993 99.999
17.114624 1.05495 54358.320807 22.526 0.573 54358.322474 21.353 0.055 54358.31914 -99.99 0.074 54358.319974 21.212 0.162 54358.32164 21.729 1
17.114624 1.05495 54359.314881 22.003 0.637 54359.316548 20.992 0.079 54359.313215 21.217 0.119 54359.314048 20.716 0.144 54359.315715 23.118 4.738
17.114624 1.05495 54359.355041 -99.99 0.313 54359.356707 21.263 0.06 54359.353374 21.021 0.071 54359.354207 21.126 0.111 54359.355874 21.132 0.473
17.114624 1.05495 54362.373138 -99.99 0.235 54362.374805 20.909 0.034 54362.371472 20.876 0.042 54362.372305 20.832 0.068 54362.373972 20.672 0.206
17.114624 1.05495 54365.353861 21.572 0.144 54365.355527 21.172 0.033 54365.352194 21.071 0.042 54365.353027 20.916 0.061 54365.354694 20.967 0.225
17.114624 1.05495 54381.373438 22.374 0.315 54381.375104 20.831 0.033 54381.371771 20.78 0.041 54381.372604 20.858 0.059 54381.374271 20.756 0.19
17.114624 1.05495 54384.380077 22.113 0.267 54384.381744 21.367 0.042 54384.378411 21.228 0.054 54384.379244 21.136 0.078 54384.380911 21.192 0.237
17.114624 1.05495 54386.365756 21.709 0.323 54386.367423 21.113 0.106 54386.364089 21.266 0.124 54386.364923 21.121 0.162 54386.366589 20.4 0.621
17.114624 1.05495 54387.371726 99.985 99.999 54387.373392 -99.99 99.999 54387.370059 21.041 0.069 54387.370892 21.093 0.1 54387.372559 21.258 0.417
17.114624 1.05495 54388.370009 -99.99 0.268 54388.371675 20.885 0.032 54388.368342 20.869 0.043 54388.369175 20.971 0.066 54388.370842 20.568 0.142
17.114624 1.05495 54390.364052 -99.99 1.385 54390.365719 -99.99 0.043 54390.362385 -99.99 0.711 54390.363219 -99.99 0.204 54390.364885 -99.99 2.052
17.114624 1.05495 54402.364847 22.857 2.024 54402.366514 20.948 0.114 54402.36318 20.853 0.102 54402.364014 20.78 0.117 54402.36568 20.25 0.193
17.114624 1.05495 54403.283801 21.941 0.564 54403.285468 21.071 0.087 54403.282135 21.041 0.092 54403.282968 20.985 0.143 54403.284635 20.951 0.332
17.114624 1.05495 54404.34135 22.227 0.613 54404.343017 -99.99 0.124 54404.339683 20.794 0.05 54404.340517 20.882 0.082 54404.342183 20.598 0.466
17.114624 1.05495 54406.277634 22.696 0.422 54406.2793 20.868 0.027 54406.275967 20.828 0.038 54406.2768 20.875 0.061 54406.278467 20.915 0.189
17.114624 1.05495 54412.280633 21.909 0.3 54412.282299 21.23 0.045 54412.278966 21.07 0.072 54412.279799 -99.99 0.101 54412.281466 -99.99 0.323
17.114624 1.05495 54412.303387 22.545 0.458 54412.305054 21.284 0.043 54412.30172 21.099 0.06 54412.302554 21.139 0.092 54412.30422 20.68 0.204
