16.501355 -0.309445 51081.329257 15.303 0.004 51081.330923 14.12 0.003 51081.32759 14.028 0.003 51081.328423 13.917 0.003 51081.33009 13.96 0.003
16.501355 -0.309445 51819.400399 15.309 0.005 51819.402065 14.109 0.003 51819.398732 13.965 0.004 51819.399565 13.926 0.004 51819.401232 13.915 0.004
16.501355 -0.309445 52558.365678 15.727 0.005 52558.367344 14.612 0.003 52558.364011 14.324 0.003 52558.364844 14.279 0.004 52558.366511 14.235 0.004
16.501355 -0.309445 52577.253183 15.701 0.005 52577.254849 14.522 0.003 52577.251516 14.351 0.004 52577.252349 14.252 0.004 52577.254016 14.225 0.004
16.501355 -0.309445 52935.264308 15.716 0.005 52935.265974 14.535 0.003 52935.262641 14.287 0.004 52935.263474 14.204 0.004 52935.265141 14.171 0.004
16.501355 -0.309445 53352.158447 15.684 0.005 53352.160113 14.524 0.003 53352.15678 14.264 0.003 53352.157613 14.152 0.004 53352.15928 14.118 0.005
16.501355 -0.309445 53622.366745 15.411 0.004 53622.368411 14.215 0.002 53622.365078 14.051 0.003 53622.365911 13.982 0.003 53622.367578 13.961 0.004
16.501355 -0.309445 53634.316215 -99.99 0.005 53634.317881 14.544 0.003 53634.314548 14.261 0.003 53634.315381 14.146 0.003 53634.317048 14.126 0.004
16.501355 -0.309445 53638.357551 15.591 0.005 53638.359217 14.407 0.004 53638.355884 14.177 0.004 53638.356717 14.074 0.004 53638.358384 14.052 0.005
16.501355 -0.309445 53640.321587 15.723 0.005 53640.323253 14.568 0.003 53640.31992 14.314 0.003 53640.320753 14.228 0.004 53640.32242 14.2 0.004
16.501355 -0.309445 53655.293759 15.196 0.004 53655.295425 13.959 0.003 53655.292092 13.881 0.003 53655.292925 13.85 0.003 53655.294592 13.869 0.004
16.501355 -0.309445 53664.318715 15.685 0.005 53664.320381 14.513 0.003 53664.317048 14.256 0.003 53664.317881 14.13 0.004 53664.319548 14.122 0.004
16.501355 -0.309445 53669.277958 15.737 0.005 53669.279624 14.591 0.003 53669.276291 14.385 0.004 53669.277124 14.29 0.004 53669.278791 14.272 0.004
16.501355 -0.309445 53671.362723 15.637 0.006 53671.364389 14.481 0.003 53671.361056 14.219 0.004 53671.361889 14.104 0.004 53671.363556 14.083 0.004
16.501355 -0.309445 53674.262194 15.531 0.005 53674.26386 14.354 0.003 53674.260527 14.125 0.003 53674.26136 14.013 0.003 53674.263027 14.013 0.004
16.501355 -0.309445 53676.351666 15.715 0.006 53676.353332 14.583 0.003 53676.349999 14.359 0.004 53676.350832 14.267 0.004 53676.352499 14.255 0.005
16.501355 -0.309445 53679.323561 15.291 0.004 53679.325227 14.159 0.003 53679.321894 14.084 0.003 53679.322727 14.019 0.003 53679.324394 14.027 0.004
16.501355 -0.309445 53681.315073 15.492 0.007 53681.316739 14.315 0.004 53681.313406 14.094 0.005 53681.314239 14.007 0.005 53681.315906 14.011 0.006
16.501355 -0.309445 53694.288004 15.477 0.006 53694.28967 14.355 0.002 53694.286337 14.118 0.002 53694.28717 13.998 0.002 53694.288837 14.034 0.003
16.501355 -0.309445 53700.271056 15.759 0.005 53700.272722 14.597 0.003 53700.269389 14.289 0.003 53700.270222 14.176 0.003 53700.271889 14.139 0.004
16.501355 -0.309445 53975.342738 15.719 0.018 53975.344404 14.565 0.009 53975.341071 14.27 0.035 53975.341904 14.161 0.018 53975.343571 14.15 0.014
16.501355 -0.309445 53996.349453 -99.99 0.014 53996.35112 14.259 0.012 53996.347787 14.05 0.015 53996.34862 13.97 0.017 53996.350287 14.004 0.013
16.501355 -0.309445 54020.302414 15.486 0.02 54020.30408 14.347 0.01 54020.300747 14.174 0.011 54020.30158 14.097 0.02 54020.303247 14.109 0.015
16.501355 -0.309445 54024.384012 15.703 0.033 54024.385678 14.585 0.017 54024.382345 14.313 0.019 54024.383178 14.231 0.011 54024.384845 14.242 0.015
16.501355 -0.309445 54028.372292 -99.99 0.102 54028.373959 -99.99 0.001 54028.370625 14.265 0.024 54028.371459 14.124 0.027 54028.373125 14.122 0.03
16.501355 -0.309445 54035.37171 15.592 0.009 54035.373377 14.463 0.019 54035.370044 14.183 0.007 54035.370877 14.059 0.009 54035.372544 14.052 0.022
16.501355 -0.309445 54040.291743 15.747 0.027 54040.293409 14.651 0.018 54040.290076 14.363 0.011 54040.290909 14.258 0.012 54040.292576 14.279 0.014
16.501355 -0.309445 54047.322213 -99.99 0.021 54047.323879 14.53 0.021 54047.320546 14.307 0.055 54047.321379 14.176 0.039 54047.323046 14.25 0.056
16.501355 -0.309445 54049.318198 15.172 0.008 54049.319865 14.022 0.014 54049.316531 13.896 0.016 54049.317365 13.859 0.014 54049.319031 -99.99 0.016
16.501355 -0.309445 54053.282452 15.755 0.013 54053.284119 14.639 0.014 54053.280785 14.386 0.015 54053.281619 14.284 0.019 54053.283285 14.297 0.014
16.501355 -0.309445 54056.284132 15.205 0.017 54056.285799 -99.99 0.041 54056.282465 14.015 0.032 54056.283299 13.953 0.039 54056.284965 13.996 0.033
16.501355 -0.309445 54059.278435 -99.99 0.015 54059.280102 13.78 0.015 54059.276769 13.757 0.013 54059.277602 13.776 0.014 54059.279269 13.817 0.017
16.501355 -0.309445 54061.289493 -99.99 0.019 54061.291159 14.462 0.02 54061.287826 14.162 0.015 54061.288659 14.103 0.016 54061.290326 14.078 0.013
16.501355 -0.309445 54062.283298 15.157 0.011 54062.284964 13.956 0.025 54062.281631 13.849 0.01 54062.282464 13.795 0.021 54062.284131 13.855 0.02
16.501355 -0.309445 54068.263877 15.399 0.007 54068.265544 14.242 0.022 54068.26221 14.03 0.019 54068.263044 13.958 0.011 54068.26471 13.964 0.012
16.501355 -0.309445 54359.353328 15.729 0.023 54359.354994 14.563 0.056 54359.351661 14.296 0.013 54359.352494 14.136 0.023 54359.354161 14.134 0.017
16.501355 -0.309445 54362.371438 15.77 0.02 54362.373105 14.616 0.014 54362.369771 14.317 0.018 54362.370605 14.173 0.024 54362.372271 14.204 0.024
16.501355 -0.309445 54376.366526 -99.99 0.01 54376.368193 14.466 0.01 54376.364859 14.197 0.01 54376.365693 14.082 0.024 54376.367359 -99.99 0.031
16.501355 -0.309445 54382.351678 -99.99 0.031 54382.353344 -99.99 0.039 54382.350011 14.272 0.02 54382.350844 14.159 0.014 54382.352511 14.13 0.024
16.501355 -0.309445 54387.369926 15.163 0.02 54387.371593 -99.99 0.022 54387.368259 13.847 0.017 54387.369093 13.878 0.019 54387.370759 13.888 0.017
16.501355 -0.309445 54390.362428 -99.99 0.011 54390.364095 -99.99 0.011 54390.360761 13.981 0.005 54390.361595 -99.99 0.025 54390.363261 -99.99 0.015
16.501355 -0.309445 54391.370747 15.622 0.012 54391.372414 14.489 0.024 54391.36908 14.267 0.012 54391.369914 14.189 0.024 54391.37158 14.19 0.015
16.501355 -0.309445 54402.363218 -99.99 0.01 54402.364885 14.548 0.024 54402.361552 14.255 0.018 54402.362385 14.156 0.009 54402.364052 14.128 0.013
