-19.980142 0.71002 51075.24451 18.466 0.016 51075.246176 17.21 0.004 51075.242843 16.945 0.004 51075.243676 16.835 0.005 51075.245343 16.777 0.011
-19.980142 0.71002 51464.232415 18.827 0.021 51464.234081 17.55 0.005 51464.230748 17.277 0.005 51464.231581 17.158 0.006 51464.233248 17.107 0.012
-19.980142 0.71002 52197.258128 18.23 0.015 52197.259794 16.977 0.004 52197.256461 16.799 0.005 52197.257294 16.746 0.005 52197.258961 16.695 0.009
-19.980142 0.71002 52231.144107 18.47 0.017 52231.145773 17.283 0.005 52231.14244 17.099 0.005 52231.143273 17.002 0.006 52231.14494 16.955 0.011
-19.980142 0.71002 52557.252112 18.698 0.02 52557.253778 17.477 0.005 52557.250445 17.142 0.005 52557.251278 16.995 0.006 52557.252945 16.921 0.011
-19.980142 0.71002 52578.14819 18.709 0.017 52578.149856 17.484 0.005 52578.146523 17.179 0.005 52578.147356 17.035 0.006 52578.149023 17.003 0.011
-19.980142 0.71002 52929.178418 18.737 0.019 52929.180084 17.493 0.005 52929.176751 17.148 0.005 52929.177584 17.001 0.006 52929.179251 16.93 0.01
-19.980142 0.71002 52934.158576 18.175 0.014 52934.160242 16.918 0.004 52934.156909 16.773 0.004 52934.157742 16.718 0.005 52934.159409 16.699 0.01
-19.980142 0.71002 52936.154502 18.801 0.019 52936.156168 17.507 0.005 52936.152835 17.18 0.005 52936.153668 17.03 0.006 52936.155335 16.977 0.01
-19.980142 0.71002 53270.218558 18.138 0.025 53270.220225 16.851 0.026 53270.216891 16.801 0.049 53270.217725 16.755 0.033 53270.219391 16.761 0.016
-19.980142 0.71002 53272.268509 18.701 0.027 53272.270175 17.49 0.006 53272.266842 17.155 0.005 53272.267675 17.004 0.006 53272.269342 16.959 0.011
-19.980142 0.71002 53286.237226 18.704 0.02 53286.238892 17.479 0.005 53286.235559 17.159 0.005 53286.236392 17.038 0.005 53286.238059 16.985 0.011
-19.980142 0.71002 53288.195717 18.22 0.015 53288.197383 16.927 0.004 53288.19405 16.771 0.005 53288.194883 16.715 0.005 53288.19655 16.701 0.009
-19.980142 0.71002 53294.22303 18.768 0.029 53294.224697 17.534 0.042 53294.221364 17.162 0.063 53294.222197 17.023 0.082 53294.223864 16.974 0.088
-19.980142 0.71002 53302.191384 18.628 0.03 53302.19305 17.379 0.006 53302.189717 17.068 0.006 53302.19055 16.927 0.006 53302.192217 16.872 0.012
-19.980142 0.71002 53312.146942 18.753 0.021 53312.148608 17.522 0.029 53312.145275 17.197 0.046 53312.146108 17.074 0.081 53312.147775 17.047 0.016
-19.980142 0.71002 53314.148112 18.192 0.014 53314.149778 16.927 0.004 53314.146445 16.776 0.005 53314.147278 16.734 0.005 53314.148945 16.691 0.01
-19.980142 0.71002 53616.252481 18.082 0.016 53616.254147 16.776 0.004 53616.250814 16.656 0.004 53616.251647 16.648 0.005 53616.253314 16.622 0.011
-19.980142 0.71002 53623.242691 18.258 0.023 53623.244357 -99.99 0.008 53623.241024 16.859 0.005 53623.241857 -99.99 0.006 53623.243524 -99.99 0.014
-19.980142 0.71002 53626.228904 18.558 0.021 53626.23057 17.329 0.006 53626.227237 17.032 0.005 53626.22807 16.91 0.006 53626.229737 16.861 0.011
-19.980142 0.71002 53628.21377 18.8 0.036 53628.215436 17.595 0.008 53628.212103 17.279 0.006 53628.212936 17.144 0.007 53628.214603 17.07 0.013
-19.980142 0.71002 53637.215384 18.632 0.025 53637.21705 17.453 0.005 53637.213717 17.101 0.005 53637.21455 16.945 0.006 53637.216217 16.895 0.013
-19.980142 0.71002 53644.207843 18.776 0.029 53644.20951 17.534 0.015 53644.206177 17.161 0.011 53644.20701 17.017 0.02 53644.208677 16.965 0.017
-19.980142 0.71002 53654.242453 18.098 0.015 53654.244119 16.883 0.005 53654.240786 16.799 0.005 53654.241619 16.772 0.005 53654.243286 16.741 0.011
-19.980142 0.71002 53656.190046 18.572 0.032 53656.191712 17.291 0.006 53656.188379 17.049 0.006 53656.189212 16.979 0.006 53656.190879 16.862 0.012
-19.980142 0.71002 53663.203354 18.721 0.024 53663.20502 17.478 0.006 53663.201687 17.145 0.006 53663.20252 16.989 0.006 53663.204187 16.929 0.01
-19.980142 0.71002 53665.181325 -99.99 0.088 53665.182991 -99.99 0.024 53665.179658 -99.99 0.014 53665.180491 -99.99 0.028 53665.182158 16.768 0.06
-19.980142 0.71002 53668.192955 18.241 0.015 53668.194621 16.953 0.004 53668.191288 16.787 0.004 53668.192121 16.737 0.005 53668.193788 16.713 0.01
-19.980142 0.71002 53670.197808 18.763 0.02 53670.199474 17.528 0.005 53670.196141 17.193 0.005 53670.196974 17.04 0.006 53670.198641 16.978 0.011
-19.980142 0.71002 53673.165792 18.743 0.02 53673.167458 17.51 0.005 53673.164125 17.2 0.005 53673.164958 17.073 0.006 53673.166625 17.02 0.011
-19.980142 0.71002 53675.16268 18.376 0.016 53675.164346 17.124 0.004 53675.161013 16.892 0.004 53675.161846 16.789 0.005 53675.163513 16.763 0.01
-19.980142 0.71002 53677.183712 18.633 0.018 53677.185378 17.476 0.005 53677.182045 17.176 0.005 53677.182878 17.032 0.006 53677.184545 16.983 0.01
-19.980142 0.71002 53680.170377 18.339 0.015 53680.172043 17.177 0.005 53680.16871 17.038 0.005 53680.169543 16.936 0.006 53680.17121 16.864 0.01
-19.980142 0.71002 53686.237073 18.605 0.067 53686.238739 17.445 0.01 53686.235406 17.145 0.007 53686.236239 16.995 0.008 53686.237906 16.907 0.017
-19.980142 0.71002 53693.172277 18.695 0.03 53693.173943 17.464 0.006 53693.17061 17.122 0.005 53693.171443 16.99 0.006 53693.17311 16.91 0.01
-19.980142 0.71002 53702.168024 18.078 0.023 53702.169691 16.768 0.024 53702.166357 16.668 0.036 53702.167191 16.659 0.042 53702.168857 16.707 0.05
-19.980142 0.71002 53704.155604 18.721 0.021 53704.15727 17.514 0.005 53704.153937 17.149 0.005 53704.15477 17.011 0.006 53704.156437 16.936 0.011
-19.980142 0.71002 53989.251672 18.11 0.02 53989.253339 16.879 0.016 53989.250005 16.804 0.048 53989.250839 16.721 0.044 53989.252505 16.781 0.031
-19.980142 0.71002 53995.240908 18.622 0.027 53995.242575 17.298 0.011 53995.239242 17.001 0.014 53995.240075 16.882 0.016 53995.241742 16.837 0.017
-19.980142 0.71002 54000.227093 17.907 0.019 54000.22876 16.621 0.028 54000.225426 16.587 0.042 54000.22626 16.604 0.051 54000.227926 16.629 0.058
-19.980142 0.71002 54007.27722 18.381 0.019 54007.278887 17.112 0.03 54007.275553 16.872 0.049 54007.276387 16.783 0.045 54007.278053 16.738 0.017
-19.980142 0.71002 54009.20099 18.746 0.021 54009.202656 17.508 0.019 54009.199323 17.157 0.038 54009.200156 17.027 0.078 54009.201823 16.974 0.021
-19.980142 0.71002 54011.26548 18.216 0.023 54011.267147 16.944 0.008 54011.263813 16.754 0.012 54011.264647 16.699 0.012 54011.266313 16.715 0.014
-19.980142 0.71002 54019.215687 18.352 0.021 54019.217354 17.174 0.018 54019.21402 17.03 0.016 54019.214854 16.942 0.013 54019.21652 16.887 0.015
-19.980142 0.71002 54025.264498 18.629 0.036 54025.266165 17.41 0.041 54025.262831 17.06 0.06 54025.263665 16.93 0.071 54025.265331 16.874 0.07
-19.980142 0.71002 54029.194833 18.372 0.024 54029.1965 17.114 0.023 54029.193167 16.897 0.062 54029.194 16.78 0.056 54029.195667 16.774 0.015
-19.980142 0.71002 54358.218085 18.888 0.037 54358.219752 17.625 0.05 54358.216419 17.301 0.061 54358.217252 17.189 0.092 54358.218919 17.131 0.081
-19.980142 0.71002 54365.251121 17.933 0.018 54365.252788 16.692 0.009 54365.249454 16.601 0.012 54365.250288 16.595 0.012 54365.251954 16.609 0.019
-19.980142 0.71002 54373.325338 17.947 0.022 54373.327005 -99.99 0.108 54373.323672 16.594 0.024 54373.324505 16.593 0.011 54373.326172 16.642 0.026
-19.980142 0.71002 54382.260247 18.746 0.027 54382.261913 17.492 0.044 54382.25858 17.159 0.066 54382.259413 17.019 0.044 54382.26108 16.924 0.056
-19.980142 0.71002 54386.262998 18.717 0.022 54386.264665 17.473 0.016 54386.261331 17.152 0.041 54386.262165 16.982 0.019 54386.263831 16.908 0.018
-19.980142 0.71002 54388.267298 18.074 0.02 54388.268964 16.898 0.027 54388.265631 16.788 0.052 54388.266464 16.77 0.023 54388.268131 16.758 0.022
-19.980142 0.71002 54403.181049 18.847 0.03 54403.182715 17.611 0.012 54403.179382 17.272 0.089 54403.180215 17.123 0.016 54403.181882 17.093 0.017
-19.980142 0.71002 54404.187668 18.753 0.019 54404.189334 17.537 0.021 54404.186001 17.179 0.019 54404.186834 17.006 0.013 54404.188501 16.975 0.019
-19.980142 0.71002 54406.174898 17.873 0.025 54406.176565 16.612 0.028 54406.173231 16.557 0.04 54406.174065 16.584 0.018 54406.175731 16.591 0.018
-19.980142 0.71002 54412.177823 18.621 0.031 54412.17949 17.432 0.042 54412.176157 17.08 0.066 54412.17699 16.936 0.074 54412.178657 16.908 0.019
