-23.690417 -0.104992 51464.222132 17.764 0.011 51464.223798 16.522 0.004 51464.220465 16.179 0.004 51464.221298 16.034 0.004 51464.222965 15.99 0.007
-23.690417 -0.104992 52197.247848 17.543 0.011 52197.249514 16.343 0.004 52197.246181 16.016 0.004 52197.247014 15.885 0.004 52197.248681 15.82 0.007
-23.690417 -0.104992 52231.133832 17.859 0.012 52231.135498 16.612 0.004 52231.132165 16.276 0.005 52231.132998 16.127 0.005 52231.134665 16.068 0.008
-23.690417 -0.104992 52557.241836 17.724 0.012 52557.243502 16.507 0.004 52557.240169 16.176 0.004 52557.241002 16.043 0.004 52557.242669 15.969 0.007
-23.690417 -0.104992 52578.137913 17.476 0.01 52578.139579 16.221 0.004 52578.136246 15.936 0.005 52578.137079 15.827 0.005 52578.138746 15.79 0.007
-23.690417 -0.104992 52929.168141 17.399 0.01 52929.169807 16.161 0.004 52929.166474 15.896 0.005 52929.167307 15.802 0.005 52929.168974 15.744 0.007
-23.690417 -0.104992 52934.148297 17.406 0.01 52934.149963 16.161 0.004 52934.14663 15.885 0.004 52934.147463 15.795 0.004 52934.14913 15.749 0.006
-23.690417 -0.104992 52936.144224 17.655 0.011 52936.14589 16.426 0.005 52936.142557 16.085 0.005 52936.14339 15.949 0.006 52936.145057 15.875 0.007
-23.690417 -0.104992 53270.208301 17.227 0.014 53270.209968 16.015 0.011 53270.206634 15.779 0.012 53270.207468 15.724 0.015 53270.209134 15.687 0.018
-23.690417 -0.104992 53272.258232 17.647 0.015 53272.259898 16.394 0.004 53272.256565 16.067 0.004 53272.257398 15.932 0.004 53272.259065 15.854 0.007
-23.690417 -0.104992 53286.22695 17.515 0.012 53286.228616 16.301 0.003 53286.225283 16.108 0.004 53286.226116 16.005 0.004 53286.227783 15.946 0.007
-23.690417 -0.104992 53288.185439 16.985 0.008 53288.187105 15.695 0.003 53288.183772 15.612 0.004 53288.184605 15.613 0.004 53288.186272 15.631 0.006
-23.690417 -0.104992 53294.212778 17.729 0.019 53294.214445 16.523 0.013 53294.211112 16.139 0.015 53294.211945 16.026 0.018 53294.213612 15.958 0.045
-23.690417 -0.104992 53302.181108 17.722 0.017 53302.182774 16.47 0.004 53302.179441 16.117 0.004 53302.180274 15.972 0.005 53302.181941 15.909 0.007
-23.690417 -0.104992 53312.136641 17.73 0.027 53312.138307 16.448 0.013 53312.134974 16.092 0.01 53312.135807 15.953 0.011 53312.137474 15.863 0.018
-23.690417 -0.104992 53314.137835 17.744 0.012 53314.139501 16.518 0.004 53314.136168 16.184 0.005 53314.137001 16.05 0.005 53314.138668 15.987 0.007
-23.690417 -0.104992 53616.242206 17.112 0.01 53616.243872 15.828 0.003 53616.240539 15.691 0.003 53616.241372 15.664 0.004 53616.243039 15.637 0.006
-23.690417 -0.104992 53623.232416 17.482 0.014 53623.234082 16.243 0.007 53623.230749 15.948 0.009 53623.231582 15.838 0.009 53623.233249 15.768 0.011
-23.690417 -0.104992 53626.218629 17.128 0.01 53626.220295 15.911 0.004 53626.216962 15.74 0.004 53626.217795 15.697 0.005 53626.219462 15.654 0.007
-23.690417 -0.104992 53628.203494 17.432 0.017 53628.20516 16.233 0.004 53628.201827 15.941 0.004 53628.20266 15.82 0.004 53628.204327 15.769 0.007
-23.690417 -0.104992 53637.205109 17.773 0.013 53637.206775 16.561 0.004 53637.203442 16.211 0.004 53637.204275 16.08 0.004 53637.205942 16.017 0.008
-23.690417 -0.104992 53644.197561 16.942 0.013 53644.199227 15.686 0.011 53644.195894 15.597 0.016 53644.196727 15.596 0.015 53644.198394 15.616 0.017
-23.690417 -0.104992 53654.232178 17.159 0.01 53654.233844 15.915 0.004 53654.230511 15.744 0.005 53654.231344 15.693 0.005 53654.233011 15.666 0.007
-23.690417 -0.104992 53656.17977 17.402 0.015 53656.181436 16.154 0.004 53656.178103 15.878 0.004 53656.178936 15.788 0.004 53656.180603 15.752 0.007
-23.690417 -0.104992 53663.193079 17.69 0.014 53663.194745 16.44 0.005 53663.191412 16.092 0.006 53663.192245 15.953 0.006 53663.193912 15.886 0.008
-23.690417 -0.104992 53668.182678 17.665 0.012 53668.184344 16.438 0.004 53668.181011 16.096 0.004 53668.181844 15.955 0.004 53668.183511 15.877 0.007
-23.690417 -0.104992 53670.187533 17.785 0.013 53670.189199 16.532 0.004 53670.185866 16.188 0.004 53670.186699 16.057 0.004 53670.188366 16.014 0.008
-23.690417 -0.104992 53673.155515 17.646 0.012 53673.157181 16.438 0.006 53673.153848 16.088 0.006 53673.154681 15.945 0.006 53673.156348 15.872 0.01
-23.690417 -0.104992 53675.152404 17.741 0.012 53675.15407 16.506 0.004 53675.150737 16.182 0.004 53675.15157 16.041 0.004 53675.153237 15.992 0.007
-23.690417 -0.104992 53677.173437 16.952 0.008 53677.175103 15.73 0.004 53677.17177 15.653 0.005 53677.172603 15.65 0.005 53677.17427 15.661 0.007
-23.690417 -0.104992 53680.160101 17.783 0.012 53680.161767 16.567 0.004 53680.158434 16.227 0.004 53680.159267 16.097 0.005 53680.160934 16.021 0.007
-23.690417 -0.104992 53686.226801 17.677 0.028 53686.228467 16.448 0.005 53686.225134 16.095 0.004 53686.225967 15.958 0.004 53686.227634 15.893 0.008
-23.690417 -0.104992 53693.162004 17.654 0.016 53693.16367 16.479 0.004 53693.160337 16.144 0.004 53693.16117 15.992 0.005 53693.162837 15.944 0.007
-23.690417 -0.104992 53702.157681 17.133 0.015 53702.159348 15.879 0.019 53702.156014 15.721 0.01 53702.156848 15.68 0.011 53702.158514 15.624 0.016
-23.690417 -0.104992 53704.145329 17.449 0.011 53704.146995 16.236 0.004 53704.143662 15.946 0.004 53704.144495 15.825 0.004 53704.146162 15.786 0.007
-23.690417 -0.104992 53989.241405 17.526 0.015 53989.243072 16.276 0.014 53989.239739 15.969 0.012 53989.240572 15.847 0.021 53989.242239 15.769 0.023
-23.690417 -0.104992 53995.230631 17.093 0.012 53995.232297 15.875 0.012 53995.228964 15.773 0.015 53995.229797 15.71 0.015 53995.231464 15.717 0.012
-23.690417 -0.104992 54000.216784 -99.99 0.021 54000.218451 15.786 0.011 54000.215117 15.71 0.012 54000.215951 15.686 0.014 54000.217617 15.679 0.014
-23.690417 -0.104992 54007.266983 17.438 0.016 54007.26865 16.222 0.017 54007.265316 15.916 0.009 54007.26615 15.813 0.017 54007.267816 15.783 0.019
-23.690417 -0.104992 54009.190745 17.525 0.016 54009.192412 16.338 0.018 54009.189078 16.002 0.012 54009.189912 15.911 0.017 54009.191578 15.838 0.018
-23.690417 -0.104992 54011.255201 17.688 0.018 54011.256868 16.51 0.014 54011.253534 16.148 0.012 54011.254368 16.019 0.02 54011.256034 15.982 0.023
-23.690417 -0.104992 54019.20542 17.655 0.013 54019.207087 16.432 0.011 54019.203753 16.087 0.009 54019.204587 15.94 0.013 54019.206253 15.875 0.013
-23.690417 -0.104992 54025.25422 17.271 0.021 54025.255887 16.044 0.044 54025.252554 15.82 0.019 54025.253387 15.739 0.013 54025.255054 15.712 0.019
-23.690417 -0.104992 54029.184579 17.671 0.016 54029.186245 16.445 0.012 54029.182912 16.089 0.015 54029.183745 15.968 0.016 54029.185412 15.879 0.016
-23.690417 -0.104992 54051.161189 -99.99 1.609 54051.162856 -99.99 0.338 54051.159523 -99.99 0.054 54051.160356 -99.99 0.099 54051.162023 -99.99 99.999
-23.690417 -0.104992 54356.262738 16.923 0.02 54356.264405 15.657 0.015 54356.261072 15.613 0.013 54356.261905 15.586 0.013 54356.263572 15.612 0.017
-23.690417 -0.104992 54358.207845 17.119 0.025 54358.209512 15.852 0.014 54358.206179 15.686 0.016 54358.207012 15.632 0.011 54358.208679 15.615 0.022
-23.690417 -0.104992 54365.240879 17.539 0.015 54365.242546 16.373 0.016 54365.239212 16.035 0.013 54365.240046 15.906 0.012 54365.241712 15.837 0.015
-23.690417 -0.104992 54373.315064 17.506 0.066 54373.316731 16.341 0.026 54373.313398 16.023 0.012 54373.314231 15.869 0.015 54373.315898 15.773 0.023
-23.690417 -0.104992 54382.250011 17.733 0.022 54382.251678 16.505 0.015 54382.248345 16.123 0.024 54382.249178 16.019 0.013 54382.250845 15.968 0.018
-23.690417 -0.104992 54386.252753 17.203 0.023 54386.254419 15.975 0.011 54386.251086 15.752 0.02 54386.251919 15.702 0.015 54386.253586 15.702 0.017
-23.690417 -0.104992 54388.257013 17.563 0.02 54388.25868 16.358 0.013 54388.255346 15.996 0.013 54388.25618 15.868 0.012 54388.257846 15.817 0.012
-23.690417 -0.104992 54403.170771 17.512 0.017 54403.172438 16.28 0.012 54403.169104 15.968 0.014 54403.169938 15.849 0.012 54403.171604 15.782 0.016
-23.690417 -0.104992 54406.164612 17.21 0.017 54406.166279 15.951 0.01 54406.162945 15.758 0.01 54406.163779 15.701 0.01 54406.165445 15.695 0.019
-23.690417 -0.104992 54412.167558 17.837 0.023 54412.169225 16.585 0.019 54412.165891 16.26 0.015 54412.166725 16.077 0.018 54412.168391 16.039 0.019
