-22.260808 -0.056362 51075.238186 18.119 0.014 51075.239852 16.926 0.004 51075.236519 16.775 0.004 51075.237352 16.74 0.005 51075.239019 16.719 0.012
-22.260808 -0.056362 51464.226089 17.8 0.011 51464.227755 16.496 0.004 51464.224422 16.454 0.004 51464.225255 16.501 0.005 51464.226922 16.49 0.009
-22.260808 -0.056362 52197.25182 17.826 0.012 52197.253486 16.519 0.004 52197.250153 16.472 0.005 52197.250986 16.505 0.005 52197.252653 16.511 0.009
-22.260808 -0.056362 52231.137791 18.141 0.015 52231.139457 16.92 0.004 52231.136124 16.768 0.005 52231.136957 16.746 0.005 52231.138624 16.718 0.01
-22.260808 -0.056362 52557.245796 17.868 0.012 52557.247462 16.622 0.004 52557.244129 16.59 0.004 52557.244962 16.6 0.005 52557.246629 16.573 0.01
-22.260808 -0.056362 52578.141873 18.095 0.013 52578.143539 16.864 0.004 52578.140206 16.741 0.005 52578.141039 16.714 0.005 52578.142706 16.791 0.01
-22.260808 -0.056362 52929.172101 18.133 0.014 52929.173767 16.906 0.004 52929.170434 16.766 0.005 52929.171267 16.734 0.006 52929.172934 16.73 0.01
-22.260808 -0.056362 52934.152258 18.124 0.015 52934.153924 16.93 0.004 52934.150591 16.776 0.004 52934.151424 16.742 0.005 52934.153091 16.72 0.011
-22.260808 -0.056362 52936.148184 17.68 0.011 52936.14985 16.398 0.004 52936.146517 16.391 0.006 52936.14735 16.452 0.006 52936.149017 16.338 0.008
-22.260808 -0.056362 53270.212254 18.139 0.017 53270.213921 16.943 0.014 53270.210588 16.77 0.013 53270.211421 16.752 0.015 53270.213088 16.708 0.017
-22.260808 -0.056362 53272.262192 17.767 0.016 53272.263858 16.501 0.004 53272.260525 16.477 0.004 53272.261358 16.491 0.005 53272.263025 16.48 0.009
-22.260808 -0.056362 53286.230909 17.723 0.013 53286.232575 16.429 0.004 53286.229242 16.436 0.004 53286.230075 16.49 0.004 53286.231742 16.498 0.009
-22.260808 -0.056362 53288.189399 17.772 0.013 53288.191065 16.505 0.004 53288.187732 16.449 0.004 53288.188565 16.492 0.005 53288.190232 16.496 0.009
-22.260808 -0.056362 53294.216723 18.081 0.017 53294.218389 16.862 0.014 53294.215056 16.709 0.015 53294.215889 16.655 0.021 53294.217556 16.647 0.023
-22.260808 -0.056362 53302.185067 17.698 0.016 53302.186733 16.44 0.004 53302.1834 16.424 0.005 53302.184233 16.468 0.005 53302.1859 16.492 0.01
-22.260808 -0.056362 53312.140616 17.857 0.014 53312.142282 16.573 0.017 53312.138949 16.546 0.01 53312.139782 16.554 0.012 53312.141449 16.562 0.018
-22.260808 -0.056362 53314.141796 17.857 0.012 53314.143462 16.592 0.004 53314.140129 16.51 0.005 53314.140962 16.546 0.005 53314.142629 16.536 0.009
-22.260808 -0.056362 53616.246166 18.142 0.018 53616.247832 16.928 0.004 53616.244499 16.756 0.004 53616.245332 16.732 0.005 53616.246999 16.704 0.012
-22.260808 -0.056362 53623.236376 17.691 0.013 53623.238042 16.412 0.004 53623.234709 16.414 0.005 53623.235542 16.466 0.005 53623.237209 16.5 0.01
-22.260808 -0.056362 53626.222588 18.086 0.017 53626.224254 -99.99 0.005 53626.220921 16.692 0.005 53626.221754 16.701 0.006 53626.223421 16.658 0.011
-22.260808 -0.056362 53628.207454 17.917 0.02 53628.20912 16.686 0.005 53628.205787 16.627 0.005 53628.20662 16.627 0.005 53628.208287 16.611 0.011
-22.260808 -0.056362 53637.209068 18.169 0.018 53637.210734 16.928 0.004 53637.207401 16.774 0.004 53637.208234 16.737 0.005 53637.209901 16.693 0.012
-22.260808 -0.056362 53644.201559 17.722 0.016 53644.203225 16.441 0.015 53644.199892 16.381 0.017 53644.200725 16.446 0.022 53644.202392 16.458 0.018
-22.260808 -0.056362 53654.236138 17.742 0.013 53654.237804 16.476 0.004 53654.234471 16.44 0.005 53654.235304 16.486 0.006 53654.236971 16.482 0.01
-22.260808 -0.056362 53656.18373 18.016 0.024 53656.185396 16.753 0.005 53656.182063 16.626 0.005 53656.182896 -99.99 0.005 53656.184563 16.615 0.012
-22.260808 -0.056362 53663.19704 17.819 0.014 53663.198706 16.588 0.005 53663.195373 16.552 0.006 53663.196206 16.576 0.006 53663.197873 16.57 0.01
-22.260808 -0.056362 53668.186638 17.972 0.014 53668.188304 16.678 0.004 53668.184971 16.624 0.004 53668.185804 16.613 0.005 53668.187471 16.611 0.012
-22.260808 -0.056362 53670.191493 17.831 0.013 53670.193159 16.577 0.004 53670.189826 16.506 0.004 53670.190659 16.519 0.005 53670.192326 16.493 0.009
-22.260808 -0.056362 53673.159475 18.112 0.015 53673.161141 16.87 0.004 53673.157808 16.736 0.004 53673.158641 16.715 0.005 53673.160308 16.691 0.01
-22.260808 -0.056362 53675.156363 17.754 0.012 53675.158029 16.466 0.004 53675.154696 16.429 0.004 53675.155529 16.472 0.005 53675.157196 16.5 0.009
-22.260808 -0.056362 53677.177396 18.13 0.014 53677.179062 16.931 0.005 53677.175729 16.771 0.005 53677.176562 16.747 0.006 53677.178229 16.728 0.01
-22.260808 -0.056362 53680.164061 17.768 0.012 53680.165727 16.491 0.004 53680.162394 16.448 0.005 53680.163227 16.487 0.005 53680.164894 16.577 0.009
-22.260808 -0.056362 53686.230759 18.089 0.042 53686.232425 16.958 0.007 53686.229092 16.79 0.006 53686.229925 16.722 0.006 53686.231592 16.742 0.014
-22.260808 -0.056362 53693.165963 17.967 0.019 53693.167629 16.798 0.005 53693.164296 16.691 0.005 53693.165129 16.677 0.006 53693.166796 16.679 0.01
-22.260808 -0.056362 53702.161628 18.157 0.024 53702.163294 16.947 0.008 53702.159961 16.787 0.01 53702.160794 16.729 0.009 53702.162461 16.732 0.019
-22.260808 -0.056362 53704.149289 17.671 0.012 53704.150955 16.436 0.004 53704.147622 16.412 0.004 53704.148455 16.455 0.005 53704.150122 16.481 0.01
-22.260808 -0.056362 53989.245387 18.026 0.02 53989.247054 16.809 0.013 53989.243721 16.708 0.013 53989.244554 16.662 0.018 53989.246221 16.649 0.019
-22.260808 -0.056362 53995.234614 17.731 0.015 53995.23628 16.468 0.014 53995.232947 16.404 0.016 53995.23378 16.476 0.015 53995.235447 16.734 0.022
-22.260808 -0.056362 54000.220756 17.7 0.024 54000.222423 16.437 0.014 54000.21909 16.408 0.013 54000.219923 16.472 0.012 54000.22159 16.504 0.015
-22.260808 -0.056362 54007.270902 18.08 0.018 54007.272569 16.91 0.016 54007.269235 16.734 0.018 54007.270069 16.704 0.011 54007.271735 16.668 0.016
-22.260808 -0.056362 54009.19467 18.156 0.022 54009.196337 16.94 0.015 54009.193003 16.784 0.012 54009.193837 16.75 0.017 54009.195503 16.735 0.018
-22.260808 -0.056362 54011.259184 17.89 0.015 54011.260851 16.614 0.01 54011.257518 16.52 0.011 54011.258351 16.544 0.02 54011.260018 16.535 0.022
-22.260808 -0.056362 54019.209391 -99.99 0.016 54019.211058 16.91 0.015 54019.207725 16.742 0.014 54019.208558 16.721 0.011 54019.210225 16.725 0.018
-22.260808 -0.056362 54025.258192 17.74 0.024 54025.259859 16.448 0.015 54025.256526 16.432 0.014 54025.257359 16.456 0.013 54025.259026 16.458 0.021
-22.260808 -0.056362 54029.188516 18.139 0.024 54029.190182 16.926 0.012 54029.186849 16.763 0.012 54029.187682 16.729 0.014 54029.189349 16.71 0.019
-22.260808 -0.056362 54051.165333 -99.99 0.636 54051.167 -99.99 0.164 54051.163667 -99.99 0.294 54051.1645 -99.99 99.999 54051.166167 -99.99 99.999
-22.260808 -0.056362 54356.26668 17.74 0.018 54356.268346 16.418 0.019 54356.265013 16.395 0.019 54356.265846 16.457 0.016 54356.267513 16.493 0.021
-22.260808 -0.056362 54358.211737 17.781 0.019 54358.213403 16.504 0.014 54358.21007 16.443 0.015 54358.210903 16.467 0.017 54358.21257 16.488 0.015
-22.260808 -0.056362 54365.244804 18.118 0.018 54365.246471 16.934 0.015 54365.243137 16.77 0.01 54365.243971 16.747 0.019 54365.245637 16.742 0.02
-22.260808 -0.056362 54373.319027 18.143 0.03 54373.320694 16.939 0.013 54373.317361 16.746 0.019 54373.318194 16.712 0.017 54373.319861 16.706 0.016
-22.260808 -0.056362 54382.25393 17.765 0.03 54382.255596 16.492 0.034 54382.252263 16.42 0.016 54382.253096 16.473 0.014 54382.254763 16.48 0.023
-22.260808 -0.056362 54386.25669 17.703 0.017 54386.258356 16.446 0.017 54386.255023 16.43 0.017 54386.255856 16.485 0.013 54386.257523 16.478 0.016
-22.260808 -0.056362 54388.261013 18.001 0.021 54388.26268 16.74 0.018 54388.259346 16.611 0.014 54388.26018 16.589 0.012 54388.261846 16.623 0.014
-22.260808 -0.056362 54403.174728 -99.99 0.033 54403.176395 16.476 0.016 54403.173061 16.41 0.016 54403.173895 16.45 0.018 54403.175561 16.454 0.022
-22.260808 -0.056362 54406.168572 18.143 0.019 54406.170239 16.934 0.018 54406.166905 16.746 0.013 54406.167739 16.71 0.02 54406.169405 16.715 0.021
-22.260808 -0.056362 54412.171498 17.724 0.023 54412.173165 16.429 0.016 54412.169831 16.405 0.018 54412.170665 16.45 0.027 54412.172331 16.478 0.024
