2.015478 -1.099428 51081.289199 21.114 0.127 51081.290865 19.797 0.021 51081.287532 19.454 0.021 51081.288365 19.39 0.026 51081.290032 19.378 0.087
2.015478 -1.099428 51819.360273 20.545 0.074 51819.361939 19.239 0.013 51819.358606 19.064 0.012 51819.359439 19.043 0.016 51819.361106 19.118 0.054
2.015478 -1.099428 52558.32556 20.889 0.111 52558.327226 19.741 0.016 52558.323893 19.411 0.017 52558.324726 19.266 0.023 52558.326393 19.241 0.057
2.015478 -1.099428 52577.21306 20.516 0.057 52577.214726 19.274 0.013 52577.211393 19.12 0.012 52577.212226 19.044 0.016 52577.213893 19.052 0.052
2.015478 -1.099428 52586.216539 20.575 0.06 52586.218205 19.338 0.013 52586.214872 19.171 0.014 52586.215705 19.109 0.019 52586.217372 19.129 0.063
2.015478 -1.099428 52910.29702 20.893 0.073 52910.298686 19.733 0.015 52910.295353 19.382 0.013 52910.296186 19.234 0.017 52910.297853 19.181 0.047
2.015478 -1.099428 52931.227221 20.766 0.084 52931.228887 19.394 0.014 52931.225554 19.163 0.013 52931.226387 19.083 0.017 52931.228054 19.239 0.06
2.015478 -1.099428 52935.224185 20.878 0.079 52935.225851 19.675 0.015 52935.222518 19.359 0.015 52935.223351 19.227 0.018 52935.225018 19.038 0.046
2.015478 -1.099428 52959.167513 20.833 0.066 52959.169179 19.67 0.015 52959.165846 19.428 0.014 52959.166679 19.313 0.016 52959.168346 19.217 0.044
2.015478 -1.099428 52963.147258 20.464 0.048 52963.148924 19.23 0.012 52963.145591 19.083 0.011 52963.146424 19.07 0.014 52963.148091 19.04 0.037
2.015478 -1.099428 53352.118322 -99.99 0.073 53352.119988 19.755 0.016 53352.116655 19.49 0.015 53352.117488 19.377 0.019 53352.119155 19.386 0.063
2.015478 -1.099428 53622.326625 -99.99 0.078 53622.328291 19.177 0.015 53622.324958 19.099 0.015 53622.325791 19.039 0.02 53622.327458 18.926 0.067
2.015478 -1.099428 53634.276095 20.697 0.218 53634.277761 19.695 0.041 53634.274428 19.425 0.03 53634.275261 19.327 0.03 53634.276928 19.141 0.071
2.015478 -1.099428 53636.281628 -99.99 0.296 53636.283294 19.712 0.042 53636.279961 19.489 0.028 53636.280794 19.331 0.042 53636.282461 19.053 0.091
2.015478 -1.099428 53638.317428 20.38 0.064 53638.319094 19.19 0.012 53638.315761 19.077 0.013 53638.316594 19.067 0.015 53638.318261 19 0.043
2.015478 -1.099428 53640.281465 20.428 0.101 53640.283131 -99.99 0.016 53640.279798 19.087 0.016 53640.280631 19.063 0.023 53640.282298 19.111 0.093
2.015478 -1.099428 53655.253636 20.616 0.158 53655.255302 19.627 0.026 53655.251969 19.336 0.027 53655.252802 -99.99 0.026 53655.254469 19.1 0.067
2.015478 -1.099428 53664.278592 20.745 0.171 53664.280258 -99.99 0.037 53664.276925 19.383 0.021 53664.277758 19.274 0.024 53664.279425 19.235 0.069
2.015478 -1.099428 53666.242197 20.981 0.109 53666.243863 19.712 0.019 53666.24053 19.377 0.015 53666.241363 19.263 0.018 53666.24303 19.27 0.06
2.015478 -1.099428 53669.237835 20.621 0.063 53669.239501 19.521 0.014 53669.236168 19.259 0.013 53669.237001 19.149 0.017 53669.238668 19.154 0.057
2.015478 -1.099428 53671.322608 -99.99 0.119 53671.324274 19.737 0.021 53671.320941 19.396 0.019 53671.321774 19.285 0.025 53671.323441 19.28 0.073
2.015478 -1.099428 53674.222071 20.503 0.066 53674.223737 19.237 0.013 53674.220404 19.107 0.013 53674.221237 19.065 0.016 53674.222904 18.962 0.043
2.015478 -1.099428 53676.311551 20.832 0.102 53676.313217 19.602 0.015 53676.309884 19.297 0.015 53676.310717 19.188 0.016 53676.312384 19.166 0.046
2.015478 -1.099428 53679.283441 20.523 0.085 53679.285107 19.198 0.014 53679.281774 19.077 0.016 53679.282607 19.065 0.022 53679.284274 19.069 0.063
2.015478 -1.099428 53681.274954 20.705 0.085 53681.27662 19.292 0.014 53681.273287 19.084 0.013 53681.27412 19.074 0.016 53681.275787 19.027 0.049
2.015478 -1.099428 53685.234005 -99.99 0.277 53685.235671 -99.99 0.042 53685.232338 19.21 0.033 53685.233171 19.127 0.032 53685.234838 -99.99 0.072
2.015478 -1.099428 53694.247884 20.652 0.302 53694.24955 -99.99 0.047 53694.246217 19.292 0.034 53694.24705 -99.99 0.038 53694.248717 19.051 0.084
2.015478 -1.099428 53697.231977 20.404 0.08 53697.233643 19.201 0.013 53697.23031 19.077 0.014 53697.231143 19.004 0.016 53697.23281 18.987 0.044
2.015478 -1.099428 53700.230936 20.989 0.115 53700.232602 19.747 0.019 53700.229269 19.416 0.017 53700.230102 19.298 0.022 53700.231769 19.284 0.07
2.015478 -1.099428 53705.217606 20.798 0.085 53705.219272 19.66 0.017 53705.215939 19.391 0.016 53705.216772 19.258 0.018 53705.218439 19.18 0.048
2.015478 -1.099428 53975.302861 -99.99 0.078 53975.304528 19.714 0.026 53975.301195 19.367 0.016 53975.302028 19.243 0.024 53975.303695 19.21 0.063
2.015478 -1.099428 53990.31553 20.59 0.11 53990.317197 19.247 0.022 53990.313863 19.104 0.016 53990.314697 19.126 0.021 53990.316363 18.951 0.043
2.015478 -1.099428 53993.370613 -99.99 0.304 53993.37228 19.75 0.029 53993.368947 -99.99 0.021 53993.36978 -99.99 0.031 53993.371447 19.289 0.051
2.015478 -1.099428 53994.325844 20.703 0.063 53994.327511 19.433 0.019 53994.324177 19.227 0.021 53994.325011 19.131 0.019 53994.326677 19.115 0.049
2.015478 -1.099428 53996.309525 20.838 0.085 53996.311191 19.554 0.018 53996.307858 19.282 0.017 53996.308691 19.172 0.024 53996.310358 19.097 0.049
2.015478 -1.099428 53998.277965 -99.99 0.414 53998.279632 -99.99 0.031 53998.276298 -99.99 0.029 53998.277132 -99.99 0.04 53998.278798 18.46 0.307
2.015478 -1.099428 54005.308436 20.94 0.073 54005.310103 19.647 0.024 54005.30677 19.343 0.018 54005.307603 19.181 0.021 54005.30927 19.188 0.044
2.015478 -1.099428 54010.263486 20.477 0.067 54010.265152 19.34 0.017 54010.261819 19.172 0.017 54010.262652 19.065 0.02 54010.264319 19.068 0.038
2.015478 -1.099428 54012.256437 20.774 0.156 54012.258103 19.462 0.031 54012.25477 19.195 0.021 54012.255603 19.115 0.023 54012.25727 19.042 0.045
2.015478 -1.099428 54020.262331 21.193 0.351 54020.263997 19.751 0.025 54020.260664 19.435 0.024 54020.261497 19.26 0.036 54020.263164 19.264 0.099
2.015478 -1.099428 54024.343941 20.524 0.114 54024.345608 19.331 0.042 54024.342274 19.157 0.027 54024.343108 18.995 0.029 54024.344774 -99.99 0.093
2.015478 -1.099428 54028.252724 20.654 0.08 54028.254391 19.435 0.022 54028.251057 19.218 0.019 54028.251891 19.142 0.028 54028.253557 19.066 0.052
2.015478 -1.099428 54030.255992 20.787 0.068 54030.257658 19.598 0.027 54030.254325 19.29 0.021 54030.255158 19.204 0.019 54030.256825 19.191 0.047
2.015478 -1.099428 54037.237201 20.793 0.077 54037.238867 19.496 0.019 54037.235534 19.273 0.023 54037.236367 19.142 0.017 54037.238034 19.16 0.05
2.015478 -1.099428 54040.251806 20.469 0.125 54040.253473 19.259 0.027 54040.250139 19.065 0.017 54040.250973 19.104 0.021 54040.252639 19.076 0.055
2.015478 -1.099428 54049.278045 20.315 0.148 54049.279712 19.24 0.027 54049.276378 19.089 0.019 54049.277212 19.02 0.027 54049.278878 19.095 0.074
2.015478 -1.099428 54053.242387 20.692 0.071 54053.244054 19.524 0.037 54053.240721 19.223 0.018 54053.241554 19.083 0.019 54053.243221 19.046 0.049
2.015478 -1.099428 54062.243282 20.606 0.109 54062.244949 19.626 0.018 54062.241615 19.307 0.025 54062.242449 19.151 0.031 54062.244115 19.067 0.078
2.015478 -1.099428 54068.223801 20.786 0.206 54068.225467 19.662 0.035 54068.222134 19.361 0.027 54068.222967 19.251 0.028 54068.224634 19.183 0.067
2.015478 -1.099428 54357.281749 20.719 0.071 54357.283416 19.564 0.03 54357.280082 19.228 0.021 54357.280916 19.131 0.018 54357.282582 19.076 0.045
2.015478 -1.099428 54362.331337 20.428 0.137 54362.333004 19.471 0.034 54362.32967 -99.99 0.024 54362.330504 19.116 0.02 54362.33217 -99.99 0.06
2.015478 -1.099428 54382.311504 -99.99 0.104 54382.313171 19.665 0.029 54382.309838 19.339 0.02 54382.310671 19.236 0.025 54382.312338 19.156 0.065
2.015478 -1.099428 54385.32937 20.417 0.067 54385.331037 19.363 0.016 54385.327703 19.146 0.018 54385.328537 19.073 0.021 54385.330203 19.116 0.046
2.015478 -1.099428 54387.329969 20.665 0.096 54387.331636 19.522 0.019 54387.328302 19.237 0.026 54387.329136 19.131 0.026 54387.330802 19.116 0.054
2.015478 -1.099428 54392.32477 -99.99 0.076 54392.326437 19.266 0.018 54392.323104 19.093 0.018 54392.323937 19.035 0.035 54392.325604 19.043 0.053
2.015478 -1.099428 54402.323076 -99.99 0.607 54402.324743 19.664 0.041 54402.321409 19.422 0.023 54402.322243 19.306 0.025 54402.323909 19.196 0.057
