0.283437 1.178522 51075.300645 19.323 0.03 51075.302311 18.113 0.006 51075.298978 17.824 0.006 51075.299811 17.701 0.008 51075.301478 17.655 0.021
0.283437 1.178522 52196.301163 19.019 0.024 52196.302829 17.829 0.006 52196.299496 17.596 0.006 52196.300329 17.505 0.007 52196.301996 17.507 0.017
0.283437 1.178522 52197.31427 18.714 0.021 52197.315936 17.482 0.005 52197.312603 17.393 0.005 52197.313436 17.36 0.006 52197.315103 17.404 0.016
0.283437 1.178522 52225.164448 18.523 0.018 52225.166114 17.313 0.005 52225.162781 17.347 0.005 52225.163614 17.418 0.019 52225.165281 17.381 0.015
0.283437 1.178522 52231.200231 18.428 0.016 52231.201897 17.149 0.005 52231.198564 17.209 0.005 52231.199397 17.232 0.006 52231.201064 17.199 0.012
0.283437 1.178522 52253.186402 18.535 0.025 52253.188068 17.339 0.005 52253.184735 17.282 0.005 52253.185568 17.287 0.006 52253.187235 17.326 0.018
0.283437 1.178522 52557.308234 18.56 0.019 52557.3099 17.323 0.005 52557.306567 17.281 0.005 52557.3074 17.3 0.006 52557.309067 17.286 0.015
0.283437 1.178522 52578.204318 18.873 0.022 52578.205984 17.632 0.005 52578.202651 17.48 0.005 52578.203484 17.422 0.006 52578.205151 17.436 0.016
0.283437 1.178522 52908.282801 19.259 0.03 52908.284467 18.106 0.006 52908.281134 17.823 0.006 52908.281967 17.708 0.007 52908.283634 17.643 0.019
0.283437 1.178522 52911.296588 18.473 0.021 52911.298254 17.204 0.004 52911.294921 17.238 0.005 52911.295754 17.273 0.006 52911.297421 17.218 0.017
0.283437 1.178522 52930.173961 19.267 0.029 52930.175627 18.062 0.006 52930.172294 17.787 0.006 52930.173127 17.684 0.007 52930.174794 17.644 0.019
0.283437 1.178522 52934.214702 19.365 0.035 52934.216368 18.242 0.007 52934.213035 17.967 0.007 52934.213868 17.853 0.008 52934.215535 17.837 0.023
0.283437 1.178522 52936.210628 19.303 0.028 52936.212294 18.116 0.006 52936.208961 17.816 0.006 52936.209794 17.691 0.007 52936.211461 -99.99 0.016
0.283437 1.178522 52962.13615 19.399 0.034 52962.137816 18.207 0.006 52962.134483 17.944 0.007 52962.135316 17.818 0.008 52962.136983 17.794 0.021
0.283437 1.178522 53270.274732 18.719 0.033 53270.276399 -99.99 0.029 53270.273065 17.366 0.018 53270.273899 17.373 0.014 53270.275565 17.361 0.02
0.283437 1.178522 53272.324631 19.395 0.036 53272.326297 18.195 0.008 53272.322964 17.956 0.008 53272.323797 17.849 0.009 53272.325464 17.793 0.02
0.283437 1.178522 53286.293351 19.059 0.029 53286.295017 17.927 0.006 53286.291684 17.667 0.006 53286.292517 17.576 0.007 53286.294184 17.578 0.017
0.283437 1.178522 53288.251843 18.653 0.02 53288.253509 17.559 0.005 53288.250176 17.492 0.005 53288.251009 17.463 0.006 53288.252676 17.455 0.015
0.283437 1.178522 53294.299515 18.464 0.019 53294.301181 17.176 0.004 53294.297848 17.245 0.005 53294.298681 17.287 0.006 53294.300348 17.288 0.014
0.283437 1.178522 53302.24751 19.234 0.043 53302.249176 18.072 0.009 53302.245843 17.791 0.008 53302.246676 17.653 0.009 53302.248343 17.639 0.02
0.283437 1.178522 53312.2031 19.303 0.044 53312.204767 18.133 0.016 53312.201434 17.842 0.013 53312.202267 17.726 0.017 53312.203934 17.659 0.026
0.283437 1.178522 53314.204238 18.999 0.024 53314.205904 17.826 0.005 53314.202571 17.597 0.006 53314.203404 17.52 0.007 53314.205071 17.523 0.017
0.283437 1.178522 53616.308603 -99.99 0.332 53616.310269 18.134 0.013 53616.306936 -99.99 0.027 53616.307769 -99.99 0.062 53616.309436 -99.99 0.084
0.283437 1.178522 53623.298815 19.054 0.032 53623.300481 -99.99 0.009 53623.297148 17.68 0.006 53623.297981 17.561 0.008 53623.299648 17.557 0.02
0.283437 1.178522 53626.285027 19.303 0.034 53626.286693 18.189 0.008 53626.28336 17.917 0.007 53626.284193 17.813 0.008 53626.28586 17.772 0.02
0.283437 1.178522 53628.269892 19.135 0.051 53628.271558 18.025 0.009 53628.268225 17.725 0.007 53628.269058 17.614 0.008 53628.270725 17.602 0.019
0.283437 1.178522 53637.271509 19.519 0.052 53637.273175 -99.99 0.009 53637.269842 17.972 0.008 53637.270675 17.838 0.01 53637.272342 17.764 0.027
0.283437 1.178522 53639.316887 19.309 0.034 53639.318553 18.127 0.007 53639.31522 17.824 0.006 53639.316053 17.698 0.007 53639.31772 17.673 0.017
0.283437 1.178522 53644.263969 19.337 0.033 53644.265636 18.123 0.017 53644.262302 17.858 0.022 53644.263136 17.718 0.016 53644.264802 17.677 0.022
0.283437 1.178522 53654.298577 18.778 0.023 53654.300243 17.655 0.005 53654.29691 17.608 0.006 53654.297743 17.549 0.007 53654.29941 17.541 0.017
0.283437 1.178522 53656.246172 19.214 0.053 53656.247838 18.05 0.009 53656.244505 17.776 0.008 53656.245338 17.663 0.009 53656.247005 17.593 0.021
0.283437 1.178522 53663.259481 18.97 0.034 53663.261147 17.788 0.007 53663.257814 17.554 0.01 53663.258647 17.482 0.01 53663.260314 17.499 0.016
0.283437 1.178522 53665.23745 -99.99 0.714 53665.239116 -99.99 0.883 53665.235783 -99.99 0.037 53665.236616 -99.99 0.77 53665.238283 -99.99 1.305
0.283437 1.178522 53668.249081 19.14 0.035 53668.250747 -99.99 0.006 53668.247414 17.683 0.006 53668.248247 17.584 0.008 53668.249914 17.637 0.024
0.283437 1.178522 53670.253933 18.465 0.018 53670.255599 17.208 0.004 53670.252266 17.199 0.005 53670.253099 17.234 0.006 53670.254766 17.26 0.014
0.283437 1.178522 53673.221918 19.213 0.029 53673.223584 18.045 0.006 53673.220251 17.757 0.006 53673.221084 17.645 0.007 53673.222751 17.614 0.017
0.283437 1.178522 53675.218807 18.667 0.021 53675.220473 17.391 0.005 53675.21714 17.319 0.005 53675.217973 17.351 0.006 53675.21964 17.358 0.016
0.283437 1.178522 53677.239837 19.27 0.029 53677.241503 18.14 0.006 53677.23817 17.886 0.006 53677.239003 17.78 0.007 53677.24067 17.745 0.016
0.283437 1.178522 53680.226504 18.932 0.025 53680.22817 17.698 0.005 53680.224837 17.527 0.005 53680.22567 17.455 0.006 53680.227337 17.436 0.014
0.283437 1.178522 53693.228399 18.511 0.03 53693.230065 17.309 0.006 53693.226732 17.336 0.006 53693.227565 17.336 0.007 53693.229232 17.373 0.015
0.283437 1.178522 53698.225791 18.581 0.034 53698.227457 -99.99 0.006 53698.224124 17.315 0.006 53698.224957 17.271 0.007 53698.226624 17.276 0.026
0.283437 1.178522 53704.211725 18.311 0.018 53704.213391 17.114 0.004 53704.210058 17.133 0.005 53704.210891 17.196 0.006 53704.212558 17.262 0.014
0.283437 1.178522 53974.304397 19.241 0.04 53974.306063 18.127 0.017 53974.30273 17.91 0.014 53974.303563 17.809 0.016 53974.30523 17.793 0.022
0.283437 1.178522 53989.30777 18.958 0.045 53989.309436 17.784 0.013 53989.306103 17.576 0.013 53989.306936 17.5 0.014 53989.308603 17.534 0.02
0.283437 1.178522 53997.403441 18.408 0.028 53997.405108 -99.99 0.019 53997.401775 17.203 0.013 53997.402608 -99.99 0.014 53997.404275 -99.99 0.018
0.283437 1.178522 54000.283248 19.016 0.036 54000.284915 17.812 0.024 54000.281582 17.599 0.02 54000.282415 17.519 0.021 54000.284082 17.484 0.02
0.283437 1.178522 54007.333339 18.774 0.023 54007.335006 17.562 0.02 54007.331672 17.447 0.016 54007.332506 17.388 0.01 54007.334172 17.387 0.019
0.283437 1.178522 54009.257119 19.333 0.04 54009.258786 18.116 0.011 54009.255453 17.816 0.015 54009.256286 17.716 0.02 54009.257953 17.663 0.023
0.283437 1.178522 54011.321596 19.179 0.031 54011.323263 18.058 0.017 54011.31993 17.769 0.019 54011.320763 17.638 0.016 54011.32243 17.647 0.019
0.283437 1.178522 54019.271837 18.622 0.025 54019.273503 17.441 0.01 54019.27017 17.395 0.011 54019.271003 17.363 0.016 54019.27267 17.339 0.019
0.283437 1.178522 54025.320609 18.317 0.029 54025.322275 17.113 0.015 54025.318942 17.149 0.012 54025.319775 17.21 0.014 54025.321442 17.254 0.017
0.283437 1.178522 54029.250968 18.722 0.03 54029.252634 17.52 0.028 54029.249301 17.394 0.02 54029.250134 17.367 0.011 54029.251801 17.368 0.021
0.283437 1.178522 54348.318361 19.191 0.029 54348.320028 18.006 0.016 54348.316695 17.713 0.011 54348.317528 17.605 0.017 54348.319195 17.541 0.02
0.283437 1.178522 54358.274207 19.285 0.068 54358.275874 18.089 0.043 54358.27254 17.858 0.025 54358.273374 17.739 0.035 54358.27504 17.664 0.025
0.283437 1.178522 54359.26827 19.221 0.043 54359.269937 17.975 0.018 54359.266603 17.712 0.017 54359.267437 17.605 0.011 54359.269103 17.608 0.034
0.283437 1.178522 54365.307275 19.205 0.028 54365.308942 18.057 0.02 54365.305608 17.736 0.021 54365.306442 17.601 0.016 54365.308108 17.591 0.027
0.283437 1.178522 54373.381433 18.932 0.069 54373.383099 17.548 0.02 54373.379766 17.401 0.027 54373.380599 17.378 0.014 54373.382266 17.416 0.022
0.283437 1.178522 54381.326818 19.303 0.035 54381.328485 18.098 0.019 54381.325152 17.831 0.017 54381.325985 17.704 0.012 54381.327652 17.697 0.019
0.283437 1.178522 54386.319133 -99.99 0.036 54386.320799 18.101 0.019 54386.317466 17.862 0.016 54386.318299 17.755 0.016 54386.319966 17.693 0.02
0.283437 1.178522 54388.32339 19.161 0.03 54388.325057 18.037 0.019 54388.321723 17.708 0.018 54388.322557 17.594 0.015 54388.324223 17.592 0.018
0.283437 1.178522 54403.237177 19.357 0.068 54403.238844 18.117 0.014 54403.235511 17.849 0.012 54403.236344 17.693 0.013 54403.238011 17.728 0.03
0.283437 1.178522 54404.294736 19.251 0.041 54404.296402 18.117 0.011 54404.293069 17.799 0.013 54404.293902 17.688 0.012 54404.295569 17.646 0.018
0.283437 1.178522 54405.292738 19.181 0.039 54405.294405 17.977 0.016 54405.291071 17.716 0.01 54405.291905 17.586 0.013 54405.293571 17.543 0.022
0.283437 1.178522 54406.231002 18.583 0.027 54406.232669 17.401 0.019 54406.229336 17.312 0.011 54406.230169 17.291 0.011 54406.231836 17.177 0.02
0.283437 1.178522 54412.234258 18.393 0.049 54412.235925 17.247 0.015 54412.232591 17.205 0.017 54412.233425 -99.99 0.014 54412.235091 -99.99 0.022
