29.349625 0.53208 51081.36487 19.345 0.029 51081.366536 18.081 0.006 51081.363203 17.879 0.006 51081.364036 17.8 0.008 51081.365703 17.794 0.019
29.349625 0.53208 51819.435983 -99.99 0.036 51819.437649 18.35 0.008 51819.434316 18.062 0.007 51819.435149 17.968 0.009 51819.436816 17.976 0.022
29.349625 0.53208 52225.260675 19.35 0.028 52225.262341 18.184 0.007 52225.259008 17.941 0.007 52225.259841 17.856 0.008 52225.261508 17.847 0.019
29.349625 0.53208 52288.095095 19.542 0.033 52288.096761 18.337 0.007 52288.093428 18.082 0.007 52288.094261 17.938 0.008 52288.095928 17.929 0.02
29.349625 0.53208 52551.368386 19.538 0.033 52551.370052 18.386 0.007 52551.366719 18.126 0.007 52551.367552 18.035 0.009 52551.369219 17.981 0.02
29.349625 0.53208 52558.401261 19.246 0.027 52558.402927 18.093 0.007 52558.399594 17.887 0.007 52558.400427 17.835 0.008 52558.402094 17.628 0.015
29.349625 0.53208 52576.234313 19.529 0.031 52576.235979 18.283 0.007 52576.232646 18.017 0.007 52576.233479 17.927 0.008 52576.235146 17.891 0.02
29.349625 0.53208 52577.288769 19.414 0.056 52577.290435 18.126 0.006 52577.287102 17.907 0.007 52577.287935 17.844 0.008 52577.289602 17.831 0.018
29.349625 0.53208 52585.235846 19.594 0.031 52585.237512 18.38 0.007 52585.234179 18.115 0.007 52585.235012 18.03 0.01 52585.236679 18.004 0.026
29.349625 0.53208 52909.402482 19.474 0.03 52909.404148 18.304 0.007 52909.400815 18.023 0.007 52909.401648 17.937 0.008 52909.403315 17.911 0.019
29.349625 0.53208 52910.372726 19.016 0.023 52910.374392 17.847 0.006 52910.371059 17.728 0.006 52910.371892 17.716 0.007 52910.373559 17.739 0.018
29.349625 0.53208 52935.299893 18.782 0.021 52935.301559 17.562 0.005 52935.298226 17.545 0.006 52935.299059 17.6 0.007 52935.300726 17.59 0.019
29.349625 0.53208 52963.222969 19.361 0.027 52963.224635 18.167 0.007 52963.221302 17.952 0.007 52963.222135 17.871 0.008 52963.223802 17.833 0.017
29.349625 0.53208 52971.213884 19.581 0.032 52971.21555 18.373 0.007 52971.212217 18.143 0.007 52971.21305 18.048 0.009 52971.214717 18.052 0.021
29.349625 0.53208 53351.145273 18.561 0.018 53351.146939 17.332 0.005 53351.143606 17.447 0.005 53351.144439 17.514 0.007 53351.146106 17.551 0.018
29.349625 0.53208 53622.402328 19.496 0.034 53622.403994 18.356 0.007 53622.400661 18.079 0.007 53622.401494 17.943 0.01 53622.403161 17.886 0.021
29.349625 0.53208 53634.351798 18.592 0.047 53634.353464 17.371 0.007 53634.350131 17.429 0.008 53634.350964 17.517 0.01 53634.352631 17.547 0.018
29.349625 0.53208 53638.393134 19.235 0.031 53638.3948 18.092 0.007 53638.391467 17.87 0.007 53638.3923 17.811 0.008 53638.393967 17.796 0.019
29.349625 0.53208 53640.35717 19.654 0.038 53640.358836 18.509 0.008 53640.355503 18.237 0.008 53640.356336 18.15 0.009 53640.358003 18.082 0.022
29.349625 0.53208 53646.418579 19.603 0.038 53646.420245 18.405 0.009 53646.416912 18.123 0.01 53646.417745 18.038 0.012 53646.419412 18.03 0.026
29.349625 0.53208 53655.329342 19.695 0.04 53655.331008 18.461 0.008 53655.327675 18.185 0.008 53655.328508 18.122 0.01 53655.330175 18.104 0.025
29.349625 0.53208 53664.354298 18.703 0.043 53664.355964 17.522 0.008 53664.352631 17.502 0.009 53664.353464 17.545 0.013 53664.355131 17.564 0.025
29.349625 0.53208 53665.418934 18.611 0.031 53665.4206 17.441 0.006 53665.417267 17.515 0.007 53665.4181 17.559 0.008 53665.419767 17.58 0.018
29.349625 0.53208 53669.313544 -99.99 0.02 53669.31521 17.34 0.005 53669.311877 17.428 0.006 53669.31271 17.501 0.007 53669.314377 17.521 0.015
29.349625 0.53208 53671.3983 19.536 0.05 53671.399966 18.373 0.008 53671.396633 18.132 0.009 53671.397466 18.035 0.011 53671.399133 17.986 0.024
29.349625 0.53208 53674.297779 18.789 0.025 53674.299445 17.493 0.005 53674.296112 17.59 0.006 53674.296945 17.616 0.008 53674.298612 17.639 0.02
29.349625 0.53208 53676.387242 19.501 0.038 53676.388908 18.368 0.008 53676.385575 18.115 0.008 53676.386408 18.028 0.009 53676.388075 17.986 0.019
29.349625 0.53208 53679.359141 18.802 0.029 53679.360807 -99.99 0.005 53679.357474 17.549 0.006 53679.358307 17.604 0.008 53679.359974 17.551 0.022
29.349625 0.53208 53681.350654 19.548 0.036 53681.35232 18.372 0.008 53681.348987 18.098 0.007 53681.34982 18.019 0.009 53681.351487 17.963 0.019
29.349625 0.53208 53684.312149 18.618 0.021 53684.313815 17.338 0.006 53684.310482 17.414 0.006 53684.311315 17.493 0.007 53684.312982 17.516 0.017
29.349625 0.53208 53694.323593 -99.99 0.056 53694.325259 -99.99 0.008 53694.321926 17.428 0.008 53694.322759 -99.99 0.009 53694.324426 -99.99 0.029
29.349625 0.53208 53697.30768 19.465 0.038 53697.309346 18.256 0.008 53697.306013 17.989 0.007 53697.306846 17.892 0.008 53697.308513 17.892 0.019
29.349625 0.53208 53700.306637 19.629 0.046 53700.308303 18.47 0.008 53700.30497 18.198 0.008 53700.305803 18.1 0.011 53700.30747 18.118 0.029
29.349625 0.53208 53705.293307 19.516 0.04 53705.294973 18.426 0.008 53705.29164 18.156 0.008 53705.292473 18.075 0.01 53705.29414 18.082 0.025
29.349625 0.53208 53975.378331 19.007 0.025 53975.379997 17.853 0.018 53975.376664 17.726 0.013 53975.377497 17.72 0.011 53975.379164 17.702 0.021
29.349625 0.53208 53993.390467 19.536 0.063 53993.392133 18.371 0.018 53993.3888 -99.99 0.014 53993.389633 17.998 0.026 53993.3913 -99.99 0.02
29.349625 0.53208 53994.401303 19.483 0.029 53994.402969 18.288 0.014 53994.399636 18.016 0.016 53994.400469 17.952 0.014 53994.402136 17.949 0.021
29.349625 0.53208 53996.385045 18.506 0.032 53996.386712 17.374 0.021 53996.383378 17.437 0.018 53996.384212 17.488 0.015 53996.385878 17.54 0.018
29.349625 0.53208 54005.398201 19.183 0.024 54005.399867 18.007 0.015 54005.396534 17.815 0.013 54005.397367 17.756 0.012 54005.399034 17.79 0.018
29.349625 0.53208 54010.339155 18.942 0.022 54010.340822 17.769 0.01 54010.337488 17.684 0.011 54010.338322 17.661 0.014 54010.339988 17.649 0.017
29.349625 0.53208 54012.332024 19.47 0.047 54012.33369 18.381 0.014 54012.330357 18.135 0.019 54012.33119 18.021 0.014 54012.332857 18.037 0.023
29.349625 0.53208 54020.337995 19.005 0.038 54020.339662 17.816 0.067 54020.336328 17.683 0.01 54020.337162 17.67 0.014 54020.338828 17.714 0.019
29.349625 0.53208 54024.419566 19.531 0.047 54024.421233 18.356 0.011 54024.4179 18.067 0.012 54024.418733 17.95 0.014 54024.4204 17.897 0.024
29.349625 0.53208 54028.407877 -99.99 0.035 54028.409544 18.377 0.02 54028.406211 18.106 0.018 54028.407044 18.012 0.016 54028.408711 18.036 0.027
29.349625 0.53208 54030.331546 18.974 0.023 54030.333212 17.789 0.015 54030.329879 17.663 0.012 54030.330712 17.681 0.012 54030.332379 17.697 0.024
29.349625 0.53208 54035.407289 19.217 0.038 54035.408955 18.096 0.019 54035.405622 17.839 0.014 54035.406455 17.823 0.012 54035.408122 17.878 0.028
29.349625 0.53208 54037.312784 19.482 0.027 54037.314451 18.362 0.018 54037.311117 18.113 0.014 54037.311951 18.013 0.013 54037.313617 18.001 0.019
29.349625 0.53208 54040.327295 19.059 0.031 54040.328961 17.788 0.016 54040.325628 17.689 0.013 54040.326461 17.678 0.01 54040.328128 17.69 0.02
29.349625 0.53208 54047.357895 -99.99 0.171 54047.359562 18.574 0.027 54047.356229 18.203 0.041 54047.357062 18.14 0.021 54047.358729 18.053 0.05
29.349625 0.53208 54049.353715 19.562 0.066 54049.355382 18.279 0.018 54049.352048 17.997 0.011 54049.352882 17.894 0.013 54049.354548 17.918 0.022
29.349625 0.53208 54053.318034 19.516 0.035 54053.3197 18.383 0.014 54053.316367 18.076 0.018 54053.3172 17.99 0.014 54053.318867 17.948 0.025
29.349625 0.53208 54053.333538 -99.99 0.033 54053.335205 -99.99 0.022 54053.331872 -99.99 0.019 54053.332705 17.995 0.012 54053.334372 -99.99 0.026
29.349625 0.53208 54056.319708 18.843 0.023 54056.321374 17.574 0.018 54056.318041 17.626 0.014 54056.318874 17.647 0.017 54056.320541 17.664 0.07
29.349625 0.53208 54059.314038 19.368 0.037 54059.315704 18.167 0.022 54059.312371 17.924 0.014 54059.313204 17.863 0.019 54059.314871 17.818 0.028
29.349625 0.53208 54061.325132 -99.99 0.027 54061.326799 17.437 0.024 54061.323465 17.474 0.051 54061.324299 17.527 0.016 54061.325965 17.576 0.034
29.349625 0.53208 54062.318879 19.534 0.037 54062.320546 18.413 0.02 54062.317212 18.126 0.014 54062.318046 18.064 0.014 54062.319712 18.028 0.025
29.349625 0.53208 54064.315325 19.414 0.034 54064.316991 18.191 0.014 54064.313658 17.941 0.011 54064.314491 17.86 0.011 54064.316158 17.86 0.02
29.349625 0.53208 54068.299463 19.495 0.05 54068.301129 -99.99 0.054 54068.297796 18.067 0.011 54068.298629 17.983 0.049 54068.300296 17.985 0.026
29.349625 0.53208 54357.357186 18.903 0.024 54357.358853 17.689 0.03 54357.355519 17.601 0.017 54357.356353 17.6 0.017 54357.358019 17.652 0.02
29.349625 0.53208 54359.388929 19.584 0.039 54359.390595 18.391 0.018 54359.387262 18.116 0.012 54359.388095 18.039 0.017 54359.389762 18.016 0.029
29.349625 0.53208 54362.406994 -99.99 0.023 54362.408661 17.881 0.02 54362.405327 17.74 0.018 54362.406161 17.721 0.016 54362.407827 17.754 0.02
29.349625 0.53208 54376.402086 -99.99 0.031 54376.403752 18.279 0.014 54376.400419 17.982 0.012 54376.401252 17.899 0.016 54376.402919 17.88 0.02
29.349625 0.53208 54382.387225 19.052 0.03 54382.388892 17.88 0.016 54382.385559 17.734 0.027 54382.386392 17.697 0.018 54382.388059 17.742 0.024
29.349625 0.53208 54385.40503 19.558 0.039 54385.406697 18.388 0.02 54385.403364 18.111 0.014 54385.404197 17.997 0.014 54385.405864 17.968 0.02
29.349625 0.53208 54387.405571 19.049 0.055 54387.407237 -99.99 0.013 54387.403904 17.741 0.013 54387.404737 17.779 0.021 54387.406404 17.737 0.033
29.349625 0.53208 54390.398005 -99.99 0.06 54390.399671 -99.99 0.056 54390.396338 -99.99 0.17 54390.397171 -99.99 0.019 54390.398838 -99.99 0.104
29.349625 0.53208 54402.39876 19.071 0.062 54402.400427 17.974 0.017 54402.397094 17.765 0.018 54402.397927 17.765 0.013 54402.399594 17.732 0.022
