-26.041098 -0.639205 52172.29815 20.066 0.054 52172.299816 18.736 0.009 52172.296483 18.38 0.009 52172.297316 18.276 0.009 52172.298983 18.206 0.027
-26.041098 -0.639205 52172.34834 20.174 0.067 52172.350006 18.875 0.01 52172.346673 18.447 0.009 52172.347506 18.301 0.01 52172.349173 18.235 0.028
-26.041098 -0.639205 52558.247855 20.322 0.065 52558.249521 18.953 0.01 52558.246188 18.557 0.009 52558.247021 18.388 0.009 52558.248688 18.312 0.025
-26.041098 -0.639205 52577.13535 20.197 0.07 52577.137016 18.766 0.009 52577.133683 18.514 0.01 52577.134516 18.376 0.012 52577.136183 18.288 0.035
-26.041098 -0.639205 52586.138827 20.338 0.058 52586.140493 19.041 0.01 52586.13716 18.683 0.01 52586.137993 18.497 0.011 52586.13966 18.417 0.032
-26.041098 -0.639205 52931.14951 19.981 0.044 52931.151176 18.586 0.008 52931.147843 18.31 0.008 52931.148676 18.201 0.008 52931.150343 18.118 0.022
-26.041098 -0.639205 52935.146474 20.46 0.069 52935.14814 19.042 0.01 52935.144807 18.684 0.01 52935.14564 18.517 0.01 52935.147307 18.418 0.028
-26.041098 -0.639205 53313.139675 20.204 0.073 53313.141341 18.82 0.01 53313.138008 18.52 0.011 53313.138841 18.397 0.011 53313.140508 18.361 0.041
-26.041098 -0.639205 53622.248919 20.306 0.082 53622.250585 18.998 0.012 53622.247252 18.584 0.011 53622.248085 18.431 0.012 53622.249752 18.392 0.041
-26.041098 -0.639205 53625.244883 20.272 0.059 53625.246549 19.003 0.011 53625.243216 18.575 0.01 53625.244049 18.414 0.01 53625.245716 18.325 0.024
-26.041098 -0.639205 53634.198388 20.169 0.182 53634.200054 18.969 0.03 53634.196721 18.565 0.018 53634.197554 -99.99 0.016 53634.199221 18.32 0.05
-26.041098 -0.639205 53636.203921 20.571 0.101 53636.205587 19.085 0.014 53636.202254 18.674 0.011 53636.203087 18.511 0.011 53636.204754 18.484 0.031
-26.041098 -0.639205 53655.175927 20.082 0.119 53655.177593 18.729 0.017 53655.17426 18.415 0.012 53655.175093 18.258 0.012 53655.17676 18.127 0.031
-26.041098 -0.639205 53664.200884 20.066 0.124 53664.20255 18.714 0.015 53664.199217 18.389 0.012 53664.20005 18.281 0.012 53664.201717 18.186 0.031
-26.041098 -0.639205 53666.164487 20.348 0.06 53666.166153 18.957 0.009 53666.16282 18.569 0.009 53666.163653 18.365 0.01 53666.16532 18.289 0.028
-26.041098 -0.639205 53669.160124 20.289 0.056 53669.16179 18.97 0.009 53669.158457 18.556 0.009 53669.15929 18.359 0.009 53669.160957 18.3 0.026
-26.041098 -0.639205 53671.244914 19.942 0.11 53671.24658 18.519 0.011 53671.243247 18.306 0.01 53671.24408 18.219 0.012 53671.245747 18.188 0.043
-26.041098 -0.639205 53674.14436 20.373 0.067 53674.146026 19.028 0.01 53674.142693 18.622 0.01 53674.143526 18.467 0.01 53674.145193 18.39 0.027
-26.041098 -0.639205 53676.233856 20.006 0.052 53676.235522 18.691 0.009 53676.232189 18.352 0.009 53676.233022 18.239 0.009 53676.234689 18.136 0.02
-26.041098 -0.639205 53679.205739 19.926 0.072 53679.207405 18.573 0.009 53679.204072 18.277 0.009 53679.204905 18.192 0.01 53679.206572 18.139 0.026
-26.041098 -0.639205 53681.197251 20.287 0.069 53681.198917 18.95 0.01 53681.195584 18.525 0.01 53681.196417 18.354 0.009 53681.198084 18.223 0.025
-26.041098 -0.639205 53685.156296 19.826 0.098 53685.157962 18.368 0.014 53685.154629 18.159 0.013 53685.155462 18.091 0.011 53685.157129 18.075 0.026
-26.041098 -0.639205 53687.194644 20.223 0.175 53687.19631 18.921 0.022 53687.192977 18.539 0.014 53687.19381 18.362 0.011 53687.195477 18.265 0.029
-26.041098 -0.639205 53694.170184 19.68 0.132 53694.17185 18.305 0.015 53694.168517 18.177 0.015 53694.16935 18.134 0.016 53694.171017 -99.99 0.052
-26.041098 -0.639205 53697.154274 19.367 0.271 53697.15594 -99.99 0.019 53697.152607 18.277 0.051 53697.15344 -99.99 0.052 53697.155107 -99.99 0.087
-26.041098 -0.639205 53700.153234 19.93 0.053 53700.1549 18.6 0.012 53700.151567 18.358 0.014 53700.1524 18.251 0.015 53700.154067 18.218 0.029
-26.041098 -0.639205 53705.139904 20.016 0.06 53705.14157 18.642 0.009 53705.138237 18.328 0.009 53705.13907 18.18 0.009 53705.140737 18.141 0.025
-26.041098 -0.639205 53975.224919 20.074 0.06 53975.226585 18.737 0.013 53975.223252 18.384 0.027 53975.224085 18.235 0.022 53975.225752 18.241 0.031
-26.041098 -0.639205 53993.292714 20.096 0.059 53993.29438 18.689 0.015 53993.291047 18.345 0.015 53993.29188 18.223 0.018 53993.293547 18.15 0.034
-26.041098 -0.639205 53996.23164 19.826 0.042 53996.233307 18.503 0.013 53996.229973 18.261 0.014 53996.230807 18.156 0.015 53996.232473 18.121 0.022
-26.041098 -0.639205 53998.200268 20.173 0.047 53998.201935 18.839 0.014 53998.198601 18.438 0.015 53998.199435 18.29 0.013 53998.201101 18.208 0.022
-26.041098 -0.639205 54010.185733 19.963 0.058 54010.1874 18.666 0.019 54010.184066 18.337 0.013 54010.1849 18.238 0.016 54010.186566 18.179 0.025
-26.041098 -0.639205 54012.178594 20.334 0.124 54012.18026 18.98 0.021 54012.176927 18.561 0.016 54012.17776 18.385 0.02 54012.179427 18.248 0.025
-26.041098 -0.639205 54020.184571 20.448 0.066 54020.186238 19.096 0.015 54020.182905 18.722 0.016 54020.183738 18.548 0.016 54020.185405 18.415 0.029
-26.041098 -0.639205 54022.233841 20.014 0.046 54022.235507 18.618 0.014 54022.232174 18.319 0.015 54022.233007 18.224 0.014 54022.234674 18.143 0.023
-26.041098 -0.639205 54028.174942 19.681 0.043 54028.176608 18.349 0.014 54028.173275 18.113 0.018 54028.174108 18.057 0.018 54028.175775 18.009 0.027
-26.041098 -0.639205 54030.178128 20.405 0.057 54030.179795 18.884 0.016 54030.176462 18.495 0.012 54030.177295 18.347 0.012 54030.178962 18.225 0.022
-26.041098 -0.639205 54035.253935 20.406 0.142 54035.255602 19.111 0.019 54035.252269 18.759 0.039 54035.253102 18.544 0.048 54035.254769 18.483 0.05
-26.041098 -0.639205 54037.159376 19.681 0.045 54037.161042 18.318 0.016 54037.157709 18.169 0.012 54037.158542 18.102 0.018 54037.160209 18.068 0.026
-26.041098 -0.639205 54040.173855 19.577 0.069 54040.175521 18.304 0.021 54040.172188 18.171 0.018 54040.173021 18.097 0.015 54040.174688 18.09 0.029
-26.041098 -0.639205 54050.158524 20.346 0.083 54050.160191 18.981 0.027 54050.156858 18.57 0.017 54050.157691 18.403 0.014 54050.159358 18.367 0.044
-26.041098 -0.639205 54053.164629 20.225 0.07 54053.166296 19.007 0.017 54053.162962 18.577 0.018 54053.163796 18.404 0.018 54053.165462 18.298 0.032
-26.041098 -0.639205 54056.166304 20.372 0.116 54056.167971 18.938 0.046 54056.164638 18.503 0.047 54056.165471 18.373 0.019 54056.167138 18.397 0.049
-26.041098 -0.639205 54057.134974 19.885 0.042 54057.136641 18.557 0.014 54057.133308 18.267 0.017 54057.134141 18.176 0.013 54057.135808 18.163 0.026
-26.041098 -0.639205 54059.160579 20.221 0.068 54059.162246 18.952 0.02 54059.158913 18.535 0.013 54059.159746 18.362 0.015 54059.161413 18.344 0.03
-26.041098 -0.639205 54061.171633 20.27 0.073 54061.1733 19.05 0.023 54061.169966 18.657 0.017 54061.1708 18.495 0.016 54061.172466 18.401 0.035
-26.041098 -0.639205 54062.165486 20.076 0.067 54062.167152 18.956 0.02 54062.163819 18.541 0.021 54062.164652 18.334 0.026 54062.166319 18.26 0.034
-26.041098 -0.639205 54068.155466 20.402 0.237 54068.157133 18.931 0.028 54068.1538 18.48 0.032 54068.154633 18.397 0.019 54068.1563 18.205 0.046
-26.041098 -0.639205 54357.203786 19.92 0.048 54357.205452 18.53 0.016 54357.202119 18.308 0.014 54357.202952 18.255 0.016 54357.204619 18.212 0.028
-26.041098 -0.639205 54365.201629 19.97 0.086 54365.203295 18.653 0.017 54365.199962 18.323 0.022 54365.200795 18.218 0.016 54365.202462 18.157 0.032
-26.041098 -0.639205 54385.251603 20.206 0.076 54385.25327 18.916 0.015 54385.249937 18.505 0.018 54385.25077 18.335 0.037 54385.252437 18.252 0.028
-26.041098 -0.639205 54387.25212 20.393 0.091 54387.253786 19.067 0.014 54387.250453 18.671 0.013 54387.251286 18.487 0.016 54387.252953 18.397 0.032
-26.041098 -0.639205 54392.246894 19.646 0.048 54392.248561 18.342 0.021 54392.245228 18.122 0.014 54392.246061 18.068 0.019 54392.247728 18.074 0.026
-26.041098 -0.639205 54402.24529 20.207 0.174 54402.246957 18.934 0.036 54402.243624 18.621 0.018 54402.244457 18.411 0.019 54402.246124 18.339 0.037
