-28.418648 -0.651777 51467.300007 20.333 0.12 51467.301673 19.184 0.017 51467.29834 18.83 0.014 51467.299173 18.689 0.016 51467.30084 18.503 0.044
-28.418648 -0.651777 51819.276006 20.446 0.079 51819.277672 19.095 0.011 51819.274339 18.767 0.01 51819.275172 18.623 0.011 51819.276839 18.587 0.035
-28.418648 -0.651777 52172.291562 20.67 0.084 52172.293228 19.197 0.012 52172.289895 18.874 0.011 52172.290728 18.738 0.012 52172.292395 18.717 0.037
-28.418648 -0.651777 52172.341734 20.471 0.088 52172.3434 19.223 0.012 52172.340067 18.873 0.011 52172.3409 18.743 0.013 52172.342567 18.684 0.041
-28.418648 -0.651777 52558.241269 20.103 0.056 52558.242935 18.773 0.009 52558.239602 18.554 0.009 52558.240435 18.455 0.01 52558.242102 18.429 0.029
-28.418648 -0.651777 52577.128763 20.518 0.077 52577.130429 19.188 0.012 52577.127096 18.883 0.012 52577.127929 18.757 0.013 52577.129596 18.752 0.05
-28.418648 -0.651777 52586.132241 19.666 0.039 52586.133907 18.33 0.007 52586.130574 18.38 0.009 52586.131407 18.357 0.01 52586.133074 18.405 0.036
-28.418648 -0.651777 52931.142925 19.183 0.027 52931.144591 17.815 0.006 52931.141258 17.883 0.007 52931.142091 17.978 0.008 52931.143758 18.014 0.02
-28.418648 -0.651777 52935.139888 20.518 0.073 52935.141554 19.231 0.011 52935.138221 18.88 0.011 52935.139054 18.736 0.012 52935.140721 18.7 0.035
-28.418648 -0.651777 53313.13309 19.851 0.05 53313.134756 18.489 0.008 53313.131423 18.362 0.009 53313.132256 18.342 0.01 53313.133923 18.294 0.032
-28.418648 -0.651777 53622.242333 20.31 0.088 53622.243999 19.12 0.014 53622.240666 18.739 0.012 53622.241499 18.633 0.014 53622.243166 18.602 0.048
-28.418648 -0.651777 53625.238298 20.559 0.075 53625.239964 19.275 0.013 53625.236631 18.966 0.012 53625.237464 18.815 0.012 53625.239131 18.818 0.034
-28.418648 -0.651777 53634.191803 19.16 0.088 53634.193469 -99.99 0.01 53634.190136 -99.99 0.012 53634.190969 -99.99 0.012 53634.192636 -99.99 0.035
-28.418648 -0.651777 53636.197336 20.318 0.075 53636.199002 18.812 0.011 53636.195669 18.574 0.01 53636.196502 18.476 0.01 53636.198169 18.458 0.029
-28.418648 -0.651777 53655.169341 20.449 0.168 53655.171007 19.202 0.022 53655.167674 18.962 0.017 53655.168507 18.879 0.018 53655.170174 18.753 0.046
-28.418648 -0.651777 53664.194299 20.129 0.129 53664.195965 18.526 0.013 53664.192632 18.392 0.01 53664.193465 18.332 0.011 53664.195132 18.414 0.044
-28.418648 -0.651777 53666.157902 20.299 0.057 53666.159568 18.997 0.01 53666.156235 18.708 0.01 53666.157068 18.575 0.011 53666.158735 18.519 0.033
-28.418648 -0.651777 53669.153539 20.431 0.072 53669.155205 19.202 0.011 53669.151872 18.882 0.011 53669.152705 18.763 0.012 53669.154372 18.764 0.04
-28.418648 -0.651777 53671.238329 20.092 0.116 53671.239995 18.728 0.011 53671.236662 18.547 0.012 53671.237495 18.439 0.013 53671.239162 18.344 0.042
-28.418648 -0.651777 53674.137775 20.503 0.073 53674.139441 19.113 0.01 53674.136108 18.785 0.01 53674.136941 18.638 0.011 53674.138608 18.557 0.032
-28.418648 -0.651777 53676.227271 19.792 0.05 53676.228937 18.538 0.008 53676.225604 18.562 0.01 53676.226437 18.473 0.011 53676.228104 18.435 0.026
-28.418648 -0.651777 53679.199154 20.236 0.086 53679.20082 18.788 0.01 53679.197487 18.55 0.01 53679.19832 18.503 0.012 53679.199987 18.518 0.041
-28.418648 -0.651777 53681.190666 20.52 0.082 53681.192332 19.241 0.012 53681.188999 18.849 0.011 53681.189832 18.714 0.011 53681.191499 18.724 0.036
-28.418648 -0.651777 53685.149711 19.18 0.058 53685.151377 17.914 0.01 53685.148044 17.93 0.01 53685.148877 18.02 0.01 53685.150544 18.021 0.026
-28.418648 -0.651777 53687.188058 20.401 0.217 53687.189724 19.027 0.024 53687.186391 18.672 0.015 53687.187224 18.536 0.014 53687.188891 18.487 0.034
-28.418648 -0.651777 53694.163599 20.045 0.17 53694.165265 18.818 0.029 53694.161932 18.529 0.019 53694.162765 18.509 0.022 53694.164432 18.458 0.064
-28.418648 -0.651777 53697.147689 19.972 0.512 53697.149355 19.179 0.087 53697.146022 18.87 0.106 53697.146855 -99.99 0.134 53697.148522 -99.99 0.41
-28.418648 -0.651777 53700.14665 19.602 0.063 53700.148316 18.18 0.007 53700.144983 18.134 0.008 53700.145816 18.174 0.009 53700.147483 18.173 0.026
-28.418648 -0.651777 53705.133319 20.498 0.092 53705.134985 19.214 0.012 53705.131652 18.868 0.012 53705.132485 18.758 0.013 53705.134152 18.766 0.039
-28.418648 -0.651777 53975.218321 20.394 0.072 53975.219988 19.213 0.019 53975.216654 18.889 0.018 53975.217488 18.737 0.019 53975.219154 18.632 0.037
-28.418648 -0.651777 53993.28615 19.947 0.054 53993.287817 18.591 0.015 53993.284483 18.429 0.017 53993.285317 18.349 0.015 53993.286983 18.368 0.03
-28.418648 -0.651777 53996.225043 20.496 0.064 53996.22671 19.161 0.015 53996.223376 18.844 0.017 53996.22421 18.656 0.014 53996.225876 18.621 0.028
-28.418648 -0.651777 53998.193678 20.46 0.061 53998.195345 19.23 0.019 53998.192011 18.902 0.013 53998.192845 18.742 0.015 53998.194511 18.699 0.029
-28.418648 -0.651777 54010.179161 20.144 0.065 54010.180828 18.921 0.017 54010.177494 18.628 0.015 54010.178328 18.535 0.015 54010.179994 18.485 0.027
-28.418648 -0.651777 54012.172005 20.466 0.145 54012.173671 19.212 0.024 54012.170338 18.85 0.019 54012.171171 18.739 0.02 54012.172838 18.707 0.036
-28.418648 -0.651777 54020.177999 20.483 0.069 54020.179666 19.219 0.015 54020.176333 18.906 0.018 54020.177166 18.723 0.016 54020.178833 18.689 0.036
-28.418648 -0.651777 54022.227259 19.694 0.046 54022.228925 18.142 0.017 54022.225592 18.216 0.015 54022.226425 18.209 0.016 54022.228092 18.174 0.031
-28.418648 -0.651777 54028.168393 20.539 0.093 54028.17006 19.232 0.023 54028.166727 18.92 0.016 54028.16756 18.817 0.017 54028.169227 18.7 0.047
-28.418648 -0.651777 54030.171527 19.61 0.035 54030.173194 18.264 0.017 54030.169861 18.192 0.014 54030.170694 18.225 0.014 54030.172361 18.178 0.021
-28.418648 -0.651777 54035.24736 -99.99 0.064 54035.249027 17.871 0.016 54035.245693 17.966 0.014 54035.246527 18.036 0.027 54035.248193 18.022 0.035
-28.418648 -0.651777 54037.152799 19.286 0.043 54037.154466 17.969 0.015 54037.151133 17.985 0.014 54037.151966 18.066 0.016 54037.153633 18.08 0.025
-28.418648 -0.651777 54040.167276 20.565 0.169 54040.168942 19.17 0.027 54040.165609 18.828 0.029 54040.166442 18.676 0.018 54040.168109 18.528 0.036
-28.418648 -0.651777 54050.151899 20.441 0.081 54050.153566 19.272 0.017 54050.150233 18.963 0.016 54050.151066 18.809 0.019 54050.152733 18.867 0.059
-28.418648 -0.651777 54053.158041 20.147 0.061 54053.159708 18.793 0.028 54053.156375 18.548 0.016 54053.157208 18.452 0.014 54053.158875 18.463 0.035
-28.418648 -0.651777 54056.159774 20.384 0.137 54056.16144 19.214 0.02 54056.158107 18.869 0.046 54056.15894 18.751 0.043 54056.160607 18.666 0.086
-28.418648 -0.651777 54057.128377 20.303 0.065 54057.130043 19.173 0.023 54057.12671 18.876 0.018 54057.127543 18.745 0.025 54057.12921 18.664 0.041
-28.418648 -0.651777 54059.154037 19.563 0.053 54059.155703 18.232 0.018 54059.15237 18.175 0.015 54059.153203 18.183 0.019 54059.15487 18.179 0.037
-28.418648 -0.651777 54061.165059 20.357 0.082 54061.166726 19.061 0.02 54061.163393 18.718 0.023 54061.164226 18.587 0.02 54061.165893 18.493 0.043
-28.418648 -0.651777 54062.158967 20.56 0.119 54062.160634 19.238 0.022 54062.157301 18.855 0.026 54062.158134 18.715 0.02 54062.159801 18.692 0.053
-28.418648 -0.651777 54068.148926 19.938 0.2 54068.150593 18.974 0.04 54068.14726 18.628 0.054 54068.148093 18.582 0.021 54068.14976 -99.99 0.086
-28.418648 -0.651777 54357.197192 20.534 0.077 54357.198859 19.179 0.027 54357.195525 18.894 0.018 54357.196359 18.726 0.021 54357.198025 18.667 0.039
-28.418648 -0.651777 54365.195082 20.382 0.122 54365.196748 19.211 0.024 54365.193415 18.888 0.022 54365.194248 18.782 0.021 54365.195915 18.815 0.054
-28.418648 -0.651777 54385.245057 20.497 0.08 54385.246723 19.208 0.018 54385.24339 18.865 0.018 54385.244223 18.752 0.018 54385.24589 18.687 0.035
-28.418648 -0.651777 54387.245534 19.073 0.036 54387.247201 17.771 0.013 54387.243868 17.86 0.011 54387.244701 17.948 0.014 54387.246368 17.994 0.024
-28.418648 -0.651777 54392.240252 20.436 0.087 54392.241918 19.222 0.018 54392.238585 18.877 0.021 54392.239418 18.731 0.019 54392.241085 18.744 0.045
-28.418648 -0.651777 54402.238751 19.235 0.072 54402.240417 18.009 0.017 54402.237084 17.983 0.022 54402.237917 18.088 0.017 54402.239584 18.034 0.028
