-33.459672 0.098827 51467.286037 19.624 0.052 51467.287703 18.478 0.009 51467.28437 18.157 0.008 51467.285203 18.034 0.01 51467.28687 18.039 0.038
-33.459672 0.098827 51819.262025 18.968 0.025 51819.263691 17.715 0.006 51819.260358 17.584 0.006 51819.261191 17.551 0.007 51819.262858 17.532 0.019
-33.459672 0.098827 52172.277613 19.524 0.034 52172.279279 18.297 0.007 52172.275946 17.973 0.007 52172.276779 17.854 0.008 52172.278446 17.764 0.021
-33.459672 0.098827 52558.227308 18.986 0.025 52558.228974 17.72 0.005 52558.225641 17.571 0.006 52558.226474 17.541 0.007 52558.228141 17.538 0.018
-33.459672 0.098827 52576.139566 19.536 0.044 52576.141232 18.337 0.007 52576.137899 18.021 0.007 52576.138732 17.873 0.008 52576.140399 17.864 0.031
-33.459672 0.098827 52577.114801 19.577 0.036 52577.116467 18.325 0.007 52577.113134 18.003 0.007 52577.113967 17.86 0.008 52577.115634 17.753 0.025
-33.459672 0.098827 52931.128962 19.528 0.032 52931.130628 18.313 0.007 52931.127295 18.02 0.007 52931.128128 17.915 0.008 52931.129795 17.88 0.021
-33.459672 0.098827 52935.125927 19.482 0.038 52935.127593 18.242 0.006 52935.12426 17.921 0.007 52935.125093 17.81 0.008 52935.12676 17.745 0.023
-33.459672 0.098827 53313.119126 19.646 0.041 53313.120792 18.38 0.007 53313.117459 18.068 0.007 53313.118292 17.958 0.009 53313.119959 17.882 0.027
-33.459672 0.098827 53622.228372 19.588 0.05 53622.230038 18.326 0.008 53622.226705 18.046 0.008 53622.227538 17.875 0.009 53622.229205 17.828 0.031
-33.459672 0.098827 53625.224336 19.368 0.032 53625.226002 18.186 0.007 53625.222669 17.89 0.007 53625.223502 17.763 0.008 53625.225169 17.705 0.019
-33.459672 0.098827 53634.177841 19.512 0.099 53634.179507 18.373 0.019 53634.176174 18.061 0.011 53634.177007 17.9 0.011 53634.178674 17.912 0.043
-33.459672 0.098827 53636.183373 19.595 0.042 53636.185039 18.318 0.008 53636.181706 17.98 0.008 53636.182539 17.847 0.008 53636.184206 17.786 0.022
-33.459672 0.098827 53655.155379 18.479 0.025 53655.157045 17.157 0.005 53655.153712 17.232 0.006 53655.154545 17.283 0.006 53655.156212 17.32 0.017
-33.459672 0.098827 53664.180338 19.387 0.046 53664.182004 18.111 0.008 53664.178671 17.837 0.007 53664.179504 17.735 0.008 53664.181171 17.672 0.022
-33.459672 0.098827 53666.143939 18.922 0.023 53666.145605 17.63 0.006 53666.142272 17.526 0.007 53666.143105 17.515 0.007 53666.144772 17.488 0.017
-33.459672 0.098827 53669.139578 19.536 0.032 53669.141244 18.329 0.007 53669.137911 18.093 0.007 53669.138744 17.989 0.008 53669.140411 17.933 0.021
-33.459672 0.098827 53671.22437 19.511 0.061 53671.226036 18.217 0.007 53671.222703 18.029 0.008 53671.223536 17.946 0.009 53671.225203 17.901 0.034
-33.459672 0.098827 53674.123813 19.558 0.035 53674.125479 18.308 0.007 53674.122146 17.981 0.007 53674.122979 17.842 0.008 53674.124646 17.781 0.021
-33.459672 0.098827 53676.21331 19.609 0.04 53676.214976 18.35 0.007 53676.211643 17.994 0.007 53676.212476 17.86 0.008 53676.214143 17.778 0.02
-33.459672 0.098827 53679.185192 19.205 0.04 53679.186858 17.865 0.006 53679.183525 17.685 0.006 53679.184358 17.618 0.007 53679.186025 17.618 0.023
-33.459672 0.098827 53681.176704 18.643 0.035 53681.17837 17.367 0.006 53681.175037 17.358 0.007 53681.17587 17.392 0.008 53681.177537 17.391 0.027
-33.459672 0.098827 53685.135748 19.538 0.075 53685.137414 18.378 0.013 53685.134081 18.039 0.01 53685.134914 17.918 0.01 53685.136581 17.88 0.025
-33.459672 0.098827 53687.174097 19.69 0.104 53687.175763 18.34 0.012 53687.17243 18.028 0.01 53687.173263 17.868 0.009 53687.17493 17.797 0.023
-33.459672 0.098827 53694.149639 18.504 0.04 53694.151305 -99.99 0.007 53694.147972 17.257 0.007 53694.148805 17.269 0.008 53694.150472 17.289 0.03
-33.459672 0.098827 53697.133728 19.725 0.255 53697.135394 18.269 0.028 53697.132061 18.001 0.053 53697.132894 -99.99 0.036 53697.134561 17.645 0.139
-33.459672 0.098827 53700.132688 19.702 0.045 53700.134354 18.365 0.007 53700.131021 18.025 0.007 53700.131854 17.875 0.008 53700.133521 17.836 0.024
-33.459672 0.098827 53705.119358 18.863 0.026 53705.121024 17.612 0.005 53705.117691 17.516 0.006 53705.118524 17.493 0.007 53705.120191 17.468 0.019
-33.459672 0.098827 53975.204356 19.709 0.04 53975.206023 18.451 0.016 53975.20269 18.158 0.014 53975.203523 18.034 0.013 53975.20519 17.968 0.027
-33.459672 0.098827 53996.211076 19.241 0.026 53996.212743 18.003 0.012 53996.209409 17.749 0.013 53996.210243 17.672 0.017 53996.211909 17.639 0.019
-33.459672 0.098827 53998.179707 18.75 0.023 53998.181374 17.439 0.019 53998.178041 17.385 0.013 53998.178874 17.418 0.012 53998.180541 17.419 0.024
-33.459672 0.098827 54010.165223 18.913 0.031 54010.16689 17.665 0.013 54010.163556 17.523 0.01 54010.16439 17.517 0.017 54010.166056 17.51 0.02
-33.459672 0.098827 54012.158079 18.532 0.027 54012.159746 17.272 0.01 54012.156412 17.335 0.012 54012.157246 17.378 0.019 54012.158912 17.353 0.023
-33.459672 0.098827 54020.164013 19.431 0.041 54020.16568 18.157 0.012 54020.162346 17.838 0.012 54020.16318 17.732 0.017 54020.164846 17.681 0.028
-33.459672 0.098827 54022.213314 19.352 0.042 54022.214981 -99.99 0.014 54022.211647 17.781 0.014 54022.212481 17.688 0.016 54022.214147 17.719 0.037
-33.459672 0.098827 54028.154382 19.499 0.042 54028.156049 18.311 0.013 54028.152715 17.999 0.014 54028.153549 17.907 0.013 54028.155215 17.871 0.027
-33.459672 0.098827 54030.157564 19.532 0.032 54030.159231 18.358 0.014 54030.155897 18.031 0.011 54030.156731 17.877 0.014 54030.158397 17.784 0.02
-33.459672 0.098827 54032.146905 19.545 0.08 54032.148572 -99.99 0.016 54032.145238 -99.99 0.014 54032.146072 17.852 0.018 54032.147738 -99.99 0.067
-33.459672 0.098827 54034.21709 19.4 0.055 54034.218757 -99.99 0.013 54034.215423 -99.99 0.015 54034.216257 17.843 0.016 54034.217923 -99.99 0.047
-33.459672 0.098827 54037.138833 18.604 0.023 54037.1405 17.327 0.015 54037.137166 17.295 0.014 54037.138 17.34 0.013 54037.139666 17.348 0.027
-33.459672 0.098827 54040.153292 19.557 0.072 54040.154959 18.47 0.016 54040.151625 18.124 0.014 54040.152459 18.016 0.016 54040.154125 17.948 0.029
-33.459672 0.098827 54050.137928 18.615 0.023 54050.139595 17.381 0.014 54050.136261 17.379 0.014 54050.137095 17.364 0.016 54050.138761 17.353 0.02
-33.459672 0.098827 54053.144084 19.552 0.039 54053.145751 18.448 0.012 54053.142418 18.089 0.016 54053.143251 18.011 0.012 54053.144918 17.959 0.03
-33.459672 0.098827 54056.145757 19.661 0.084 54056.147424 18.321 0.018 54056.14409 18.006 0.036 54056.144924 17.852 0.021 54056.14659 17.822 0.041
-33.459672 0.098827 54057.114467 19.506 0.034 54057.116134 -99.99 0.016 54057.1128 -99.99 0.016 54057.113634 17.801 0.016 54057.1153 17.751 0.023
-33.459672 0.098827 54059.140053 19.387 0.044 54059.141719 18.173 0.018 54059.138386 17.827 0.015 54059.139219 17.716 0.015 54059.140886 17.677 0.025
-33.459672 0.098827 54061.151122 19.104 0.033 54061.152789 17.923 0.022 54061.149455 17.681 0.014 54061.150289 17.593 0.014 54061.151955 17.609 0.028
-33.459672 0.098827 54062.14493 18.981 0.038 54062.146597 17.689 0.015 54062.143264 17.536 0.015 54062.144097 17.55 0.022 54062.145764 17.544 0.026
-33.459672 0.098827 54068.134925 19.668 0.113 54068.136592 18.383 0.019 54068.133259 18.049 0.016 54068.134092 17.912 0.017 54068.135759 17.899 0.038
-33.459672 0.098827 54357.183229 19.466 0.046 54357.184895 18.213 0.019 54357.181562 18.025 0.014 54357.182395 17.941 0.017 54357.184062 17.876 0.038
-33.459672 0.098827 54365.181099 19.248 0.051 54365.182766 17.997 0.014 54365.179433 17.78 0.016 54365.180266 17.676 0.014 54365.181933 17.653 0.022
-33.459672 0.098827 54385.231052 19.721 0.05 54385.232719 18.452 0.017 54385.229386 18.155 0.014 54385.230219 18.035 0.016 54385.231886 17.999 0.024
-33.459672 0.098827 54387.231555 19.535 0.043 54387.233221 18.331 0.013 54387.229888 18.036 0.011 54387.230721 17.885 0.013 54387.232388 17.842 0.024
-33.459672 0.098827 54392.226282 19.303 0.041 54392.227949 18.098 0.015 54392.224615 17.813 0.014 54392.225449 17.715 0.015 54392.227115 17.669 0.026
-33.459672 0.098827 54402.224751 19.586 0.083 54402.226418 18.356 0.018 54402.223084 18.036 0.017 54402.223918 17.881 0.015 54402.225584 17.792 0.028
