35.78774 0.959488 51081.382698 18.996 0.024 51081.384364 -99.99 0.006 51081.381031 17.641 0.006 51081.381864 17.602 0.007 51081.383531 17.615 0.018
35.78774 0.959488 51819.453812 19.313 0.038 51819.455478 18.141 0.007 51819.452145 17.893 0.007 51819.452978 17.746 0.008 51819.454645 17.678 0.022
35.78774 0.959488 51875.197695 19.155 0.024 51875.199361 17.935 0.006 51875.196028 17.763 0.006 51875.196861 17.73 0.008 51875.198528 17.721 0.021
35.78774 0.959488 52225.278507 19.444 0.031 52225.280173 18.224 0.007 52225.27684 17.925 0.007 52225.277673 17.805 0.008 52225.27934 17.761 0.025
35.78774 0.959488 52288.112929 19.223 0.028 52288.114595 18.014 0.006 52288.111262 17.771 0.006 52288.112095 17.68 0.007 52288.113762 17.656 0.019
35.78774 0.959488 52551.386217 19.018 0.024 52551.387883 17.767 0.005 52551.38455 17.634 0.006 52551.385383 17.588 0.007 52551.38705 17.558 0.016
35.78774 0.959488 52558.419092 19.227 0.027 52558.420758 18.026 0.006 52558.417425 17.769 0.007 52558.418258 17.68 0.008 52558.419925 17.634 0.017
35.78774 0.959488 52576.252145 19.395 0.031 52576.253811 18.22 0.006 52576.250478 17.937 0.007 52576.251311 17.788 0.008 52576.252978 17.751 0.019
35.78774 0.959488 52578.290699 19.426 0.032 52578.292365 18.247 0.007 52578.289032 17.993 0.007 52578.289865 17.875 0.008 52578.291532 17.827 0.02
35.78774 0.959488 52585.253679 19.376 0.029 52585.255345 18.199 0.006 52585.252012 17.961 0.007 52585.252845 17.86 0.009 52585.254512 17.817 0.026
35.78774 0.959488 52909.420313 19.242 0.027 52909.421979 18.08 0.006 52909.418646 17.821 0.006 52909.419479 17.709 0.007 52909.421146 17.691 0.017
35.78774 0.959488 52910.390556 19.171 0.03 52910.392222 18.049 0.006 52910.388889 17.858 0.006 52910.389722 17.785 0.008 52910.391389 17.806 0.021
35.78774 0.959488 52935.317725 19.358 0.032 52935.319391 18.164 0.007 52935.316058 17.892 0.007 52935.316891 17.752 0.008 52935.318558 17.76 0.024
35.78774 0.959488 52963.240802 19.361 0.028 52963.242468 18.227 0.007 52963.239135 17.959 0.007 52963.239968 17.836 0.007 52963.241635 17.834 0.019
35.78774 0.959488 52971.231717 19.358 0.033 52971.233383 18.192 0.007 52971.23005 17.873 0.006 52971.230883 17.763 0.008 52971.23255 17.718 0.019
35.78774 0.959488 53351.163104 19.292 0.03 53351.16477 18.159 0.006 53351.161437 17.868 0.006 53351.16227 17.766 0.008 53351.163937 17.725 0.023
35.78774 0.959488 53622.420158 19.02 0.026 53622.421824 17.811 0.006 53622.418491 17.705 0.006 53622.419324 17.646 0.007 53622.420991 17.601 0.017
35.78774 0.959488 53634.369629 19.075 0.048 53634.371295 17.968 0.009 53634.367962 17.769 0.008 53634.368795 17.725 0.009 53634.370462 17.678 0.02
35.78774 0.959488 53638.410965 19.272 0.031 53638.412631 18.076 0.007 53638.409298 17.819 0.007 53638.410131 17.717 0.007 53638.411798 17.642 0.017
35.78774 0.959488 53640.375002 19.28 0.034 53640.376668 18.176 0.007 53640.373335 17.873 0.007 53640.374168 17.756 0.008 53640.375835 17.715 0.02
35.78774 0.959488 53646.43641 18.894 0.028 53646.438076 17.728 0.006 53646.434743 17.594 0.006 53646.435576 17.549 0.007 53646.437243 17.547 0.018
35.78774 0.959488 53655.347174 19.163 0.028 53655.34884 17.938 0.006 53655.345507 17.725 0.006 53655.34634 17.636 0.007 53655.348007 17.59 0.018
35.78774 0.959488 53663.436816 18.956 0.052 53663.438482 17.805 0.009 53663.435149 17.635 0.008 53663.435982 17.597 0.008 53663.437649 17.589 0.019
35.78774 0.959488 53664.37213 19.32 0.064 53664.373796 18.206 0.013 53664.370463 17.909 0.012 53664.371296 17.813 0.015 53664.372963 17.728 0.032
35.78774 0.959488 53665.436763 19.159 0.046 53665.438429 18.002 0.008 53665.435096 17.753 0.007 53665.435929 17.68 0.008 53665.437596 17.631 0.021
35.78774 0.959488 53668.425368 18.992 0.044 53668.427034 17.851 0.007 53668.423701 17.691 0.007 53668.424534 17.659 0.008 53668.426201 17.621 0.023
35.78774 0.959488 53670.431341 19.152 0.045 53670.433007 17.882 0.007 53670.429674 17.702 0.007 53670.430507 17.624 0.008 53670.432174 17.604 0.021
35.78774 0.959488 53671.416127 19.256 0.039 53671.417793 18.202 0.008 53671.41446 17.948 0.007 53671.415293 17.801 0.009 53671.41696 17.767 0.024
35.78774 0.959488 53674.315613 19.197 0.035 53674.317279 18.044 0.006 53674.313946 17.792 0.006 53674.314779 17.671 0.008 53674.316446 17.65 0.021
35.78774 0.959488 53676.40507 -99.99 0.077 53676.406736 18.219 0.008 53676.403403 17.941 0.008 53676.404236 17.862 0.009 53676.405903 17.734 0.027
35.78774 0.959488 53679.376971 19.265 0.038 53679.378637 18.102 0.007 53679.375304 17.82 0.007 53679.376137 17.729 0.008 53679.377804 17.72 0.023
35.78774 0.959488 53681.368484 19.464 0.04 53681.37015 18.238 0.008 53681.366817 17.932 0.007 53681.36765 17.835 0.008 53681.369317 17.756 0.02
35.78774 0.959488 53684.32998 -99.99 0.214 53684.331646 17.938 0.017 53684.328313 17.794 0.02 53684.329146 -99.99 0.021 53684.330813 -99.99 0.111
35.78774 0.959488 53687.271294 19.154 0.071 53687.27296 18.075 0.013 53687.269627 17.877 0.01 53687.27046 17.779 0.017 53687.272127 -99.99 0.044
35.78774 0.959488 53694.341429 19.059 0.063 53694.343095 -99.99 0.008 53694.339762 17.65 0.009 53694.340595 -99.99 0.009 53694.342262 -99.99 0.024
35.78774 0.959488 53697.32551 19.297 0.038 53697.327176 18.193 0.008 53697.323843 17.941 0.008 53697.324676 17.831 0.009 53697.326343 17.799 0.023
35.78774 0.959488 53700.324467 19.35 0.04 53700.326133 18.218 0.007 53700.3228 17.92 0.007 53700.323633 17.81 0.009 53700.3253 17.77 0.024
35.78774 0.959488 53705.311137 19.348 0.038 53705.312803 18.178 0.007 53705.30947 17.906 0.007 53705.310303 17.781 0.008 53705.31197 17.732 0.022
35.78774 0.959488 53975.396135 19.143 0.035 53975.397802 17.919 0.029 53975.394468 17.724 0.03 53975.395302 17.635 0.016 53975.396968 17.634 0.021
35.78774 0.959488 53993.408274 19.433 0.033 53993.409941 -99.99 0.01 53993.406607 18 0.01 53993.407441 17.871 0.01 53993.409107 -99.99 0.02
35.78774 0.959488 53994.419132 19.225 0.037 53994.420799 18.109 0.02 53994.417466 17.817 0.018 53994.418299 17.745 0.019 53994.419966 17.725 0.019
35.78774 0.959488 53996.402944 19.326 0.03 53996.404611 18.227 0.017 53996.401278 17.928 0.018 53996.402111 17.81 0.023 53996.403778 17.799 0.024
35.78774 0.959488 54005.416042 19.399 0.029 54005.417709 18.272 0.017 54005.414376 17.972 0.012 54005.415209 17.833 0.015 54005.416876 17.85 0.023
35.78774 0.959488 54010.356989 19.393 0.037 54010.358656 18.242 0.018 54010.355322 17.945 0.013 54010.356156 17.833 0.013 54010.357822 17.807 0.02
35.78774 0.959488 54012.349868 19.4 0.046 54012.351535 18.25 0.015 54012.348202 17.972 0.014 54012.349035 17.858 0.014 54012.350702 -99.99 0.024
35.78774 0.959488 54020.355807 19.416 0.062 54020.357473 18.177 0.011 54020.35414 17.915 0.014 54020.354973 17.772 0.018 54020.35664 17.743 0.022
35.78774 0.959488 54024.437426 18.952 0.028 54024.439093 17.789 0.019 54024.43576 17.656 0.012 54024.436593 17.619 0.015 54024.43826 17.599 0.02
35.78774 0.959488 54028.425716 19.206 0.033 54028.427382 -99.99 0.043 54028.424049 17.803 0.016 54028.424882 17.715 0.013 54028.426549 17.646 0.03
35.78774 0.959488 54030.381133 19.317 0.033 54030.382799 18.2 0.014 54030.379466 17.873 0.014 54030.380299 17.728 0.01 54030.381966 17.712 0.018
35.78774 0.959488 54035.425178 19.366 0.043 54035.426845 18.207 0.018 54035.423511 17.902 0.015 54035.424345 17.755 0.015 54035.426011 17.78 0.03
35.78774 0.959488 54037.330628 19.314 0.027 54037.332294 18.212 0.017 54037.328961 17.884 0.011 54037.329794 17.765 0.012 54037.331461 17.724 0.017
35.78774 0.959488 54040.345101 19.127 0.032 54040.346768 17.988 0.013 54040.343434 17.762 0.018 54040.344268 17.672 0.011 54040.345934 17.646 0.022
35.78774 0.959488 54047.375639 19.13 0.109 54047.377305 18.118 0.018 54047.373972 17.838 0.025 54047.374805 17.724 0.022 54047.376472 17.706 0.032
35.78774 0.959488 54049.37155 19.331 0.05 54049.373217 18.245 0.019 54049.369884 17.945 0.011 54049.370717 17.821 0.012 54049.372384 17.725 0.021
35.78774 0.959488 54053.3512 19.242 0.054 54053.352866 18.05 0.023 54053.349533 17.82 0.016 54053.350366 -99.99 0.017 54053.352033 -99.99 0.026
35.78774 0.959488 54056.337539 19.362 0.035 54056.339206 18.269 0.029 54056.335873 17.93 0.013 54056.336706 17.873 0.016 54056.338373 17.816 0.026
35.78774 0.959488 54059.331819 19.269 0.036 54059.333486 18.146 0.02 54059.330153 17.848 0.01 54059.330986 17.732 0.014 54059.332653 17.667 0.025
35.78774 0.959488 54061.342961 19.414 0.055 54061.344628 18.21 0.028 54061.341295 17.929 0.019 54061.342128 17.795 0.041 54061.343795 17.744 0.037
35.78774 0.959488 54062.336708 19.031 0.029 54062.338375 17.903 0.017 54062.335042 17.679 0.012 54062.335875 17.601 0.012 54062.337542 17.582 0.022
35.78774 0.959488 54064.33316 19.236 0.033 54064.334826 18.073 0.015 54064.331493 17.793 0.014 54064.332326 17.69 0.012 54064.333993 17.648 0.018
35.78774 0.959488 54068.317314 19.401 0.051 54068.31898 18.261 0.02 54068.315647 17.959 0.011 54068.31648 17.819 0.015 54068.318147 -99.99 0.041
35.78774 0.959488 54357.375048 19.327 0.034 54357.376714 18.145 0.014 54357.373381 17.869 0.017 54357.374214 17.743 0.021 54357.375881 17.705 0.024
35.78774 0.959488 54362.424831 19.313 0.035 54362.426497 18.18 0.014 54362.423164 17.884 0.016 54362.423997 17.74 0.013 54362.425664 17.685 0.024
35.78774 0.959488 54376.419914 19.326 0.036 54376.42158 18.227 0.013 54376.418247 17.933 0.013 54376.41908 17.799 0.021 54376.420747 17.786 0.023
35.78774 0.959488 54382.405085 18.973 0.033 54382.406752 17.799 0.02 54382.403419 17.679 0.02 54382.404252 17.605 0.017 54382.405919 17.585 0.02
35.78774 0.959488 54385.42284 19.054 0.028 54385.424506 17.944 0.019 54385.421173 17.729 0.011 54385.422006 17.683 0.021 54385.423673 17.7 0.019
35.78774 0.959488 54387.423375 18.986 0.034 54387.425042 17.745 0.027 54387.421709 17.63 0.023 54387.422542 17.578 0.026 54387.424209 -99.99 0.039
35.78774 0.959488 54390.415738 19.285 0.047 54390.417404 -99.99 0.019 54390.414071 17.957 0.016 54390.414904 17.854 0.018 54390.416571 -99.99 0.031
35.78774 0.959488 54391.424179 19.259 0.054 54391.425845 18.153 0.015 54391.422512 17.863 0.025 54391.423345 17.744 0.016 54391.425012 17.715 0.047
35.78774 0.959488 54402.416506 18.913 0.053 54402.418173 17.97 0.013 54402.41484 17.804 0.018 54402.415673 17.754 0.015 54402.41734 17.681 0.022
