-35.953967 0.725379 51464.188153 17.821 0.011 51464.189819 16.579 0.004 51464.186486 16.389 0.004 51464.187319 16.322 0.004 51464.188986 16.286 0.008
-35.953967 0.725379 52197.17003 17.938 0.012 52197.171696 16.666 0.004 52197.168363 16.4 0.005 52197.169196 16.3 0.005 52197.170863 16.235 0.008
-35.953967 0.725379 52197.21388 18.056 0.013 52197.215546 16.78 0.004 52197.212213 16.468 0.005 52197.213046 16.342 0.005 52197.214713 16.29 0.008
-35.953967 0.725379 52231.099864 18.086 0.013 52231.10153 16.774 0.005 52231.098197 16.468 0.005 52231.09903 16.342 0.005 52231.100697 16.284 0.008
-35.953967 0.725379 52557.207869 17.812 0.012 52557.209535 16.514 0.004 52557.206202 16.315 0.004 52557.207035 16.245 0.004 52557.208702 16.207 0.008
-35.953967 0.725379 52578.103945 18.263 0.014 52578.105611 16.988 0.004 52578.102278 16.617 0.005 52578.103111 16.467 0.005 52578.104778 16.4 0.008
-35.953967 0.725379 52929.134174 18.271 0.015 52929.13584 17.038 0.004 52929.132507 16.685 0.004 52929.13334 16.54 0.005 52929.135007 16.48 0.008
-35.953967 0.725379 52934.11433 18.187 0.014 52934.115996 16.883 0.004 52934.112663 16.548 0.004 52934.113496 16.405 0.004 52934.115163 16.35 0.008
-35.953967 0.725379 52936.110256 18.235 0.014 52936.111922 16.998 0.004 52936.108589 16.72 0.005 52936.109422 16.579 0.005 52936.111089 16.514 0.008
-35.953967 0.725379 53243.295465 18.298 0.018 53243.297131 17.079 0.005 53243.293798 16.722 0.005 53243.294631 16.573 0.005 53243.296298 16.494 0.008
-35.953967 0.725379 53270.174326 18.266 0.019 53270.175992 17.007 0.013 53270.172659 16.639 0.012 53270.173492 16.484 0.012 53270.175159 16.387 0.015
-35.953967 0.725379 53272.224265 17.775 0.015 53272.225931 16.511 0.004 53272.222598 16.313 0.004 53272.223431 16.242 0.005 53272.225098 16.204 0.007
-35.953967 0.725379 53288.151472 18.305 0.016 53288.153138 17.081 0.005 53288.149805 16.756 0.004 53288.150638 16.61 0.005 53288.152305 16.576 0.008
-35.953967 0.725379 53302.14714 17.978 0.017 53302.148806 16.684 0.005 53302.145473 16.417 0.005 53302.146306 16.312 0.005 53302.147973 16.272 0.008
-35.953967 0.725379 53312.102683 18.258 0.02 53312.104349 17.007 0.014 53312.101016 16.643 0.011 53312.101849 16.477 0.012 53312.103516 16.399 0.012
-35.953967 0.725379 53314.103867 17.631 0.011 53314.105533 16.341 0.004 53314.1022 16.218 0.004 53314.103033 16.186 0.004 53314.1047 16.163 0.007
-35.953967 0.725379 53623.198449 17.928 0.014 53623.200115 16.723 0.004 53623.196782 16.43 0.005 53623.197615 16.324 0.005 53623.199282 16.263 0.008
-35.953967 0.725379 53626.184661 18.203 0.018 53626.186327 16.951 0.005 53626.182994 16.592 0.005 53626.183827 16.44 0.005 53626.185494 16.359 0.008
-35.953967 0.725379 53628.169526 17.864 0.02 53628.171192 16.689 0.005 53628.167859 16.513 0.004 53628.168692 16.405 0.005 53628.170359 16.355 0.009
-35.953967 0.725379 53637.17114 18.264 0.018 53637.172806 17.009 0.004 53637.169473 16.667 0.004 53637.170306 16.5 0.005 53637.171973 16.403 0.009
-35.953967 0.725379 53644.163586 18.312 0.017 53644.165253 17.081 0.013 53644.161919 16.711 0.017 53644.162753 16.578 0.015 53644.164419 16.502 0.013
-35.953967 0.725379 53654.19821 17.945 0.016 53654.199876 16.707 0.004 53654.196543 16.426 0.004 53654.197376 16.305 0.005 53654.199043 16.25 0.009
-35.953967 0.725379 53656.145801 18.248 0.029 53656.147467 16.995 0.006 53656.144134 16.654 0.005 53656.144967 16.525 0.005 53656.146634 16.421 0.01
-35.953967 0.725379 53665.137079 18.051 0.024 53665.138745 16.776 0.005 53665.135412 16.469 0.007 53665.136245 16.34 0.007 53665.137912 16.308 0.012
-35.953967 0.725379 53668.148711 18.226 0.016 53668.150377 -99.99 0.004 53668.147044 16.623 0.004 53668.147877 16.463 0.005 53668.149544 16.406 0.009
-35.953967 0.725379 53670.153564 17.571 0.011 53670.15523 16.327 0.004 53670.151897 16.204 0.004 53670.15273 16.173 0.005 53670.154397 16.164 0.007
-35.953967 0.725379 53673.121547 17.886 0.013 53673.123213 16.599 0.004 53673.11988 16.37 0.004 53673.120713 16.273 0.005 53673.12238 16.238 0.008
-35.953967 0.725379 53675.118436 18.268 0.015 53675.120102 16.999 0.004 53675.116769 16.656 0.004 53675.117602 16.495 0.005 53675.119269 16.442 0.008
-35.953967 0.725379 53677.139468 17.887 0.012 53677.141134 16.593 0.004 53677.137801 16.366 0.004 53677.138634 16.271 0.005 53677.140301 16.229 0.007
-35.953967 0.725379 53680.126133 18.161 0.014 53680.127799 16.884 0.004 53680.124466 16.526 0.004 53680.125299 16.386 0.005 53680.126966 16.33 0.008
-35.953967 0.725379 53686.192841 17.779 0.031 53686.194507 16.576 0.005 53686.191174 16.381 0.004 53686.192007 16.32 0.005 53686.193674 16.288 0.01
-35.953967 0.725379 53693.128036 17.632 0.013 53693.129702 16.331 0.004 53693.126369 16.204 0.004 53693.127202 16.176 0.005 53693.128869 16.167 0.007
-35.953967 0.725379 53702.123714 18.259 0.02 53702.12538 17.015 0.007 53702.122047 -99.99 0.016 53702.12288 -99.99 0.073 53702.124547 16.461 0.015
-35.953967 0.725379 53703.132835 18.141 0.021 53703.134502 16.945 0.012 53703.131168 16.564 0.01 53703.132002 16.426 0.013 53703.133668 16.341 0.02
-35.953967 0.725379 53704.111363 17.833 0.013 53704.113029 16.532 0.004 53704.109696 16.317 0.004 53704.110529 16.249 0.004 53704.112196 16.228 0.008
-35.953967 0.725379 53974.199324 18.163 0.017 53974.200991 16.936 0.01 53974.197658 16.535 0.016 53974.198491 16.421 0.011 53974.200158 16.343 0.014
-35.953967 0.725379 53989.207403 18.215 0.027 53989.209069 16.995 0.011 53989.205736 16.624 0.011 53989.206569 16.504 0.012 53989.208236 16.424 0.013
-35.953967 0.725379 53995.196665 17.647 0.017 53995.198331 16.348 0.016 53995.194998 16.255 0.011 53995.195831 16.18 0.012 53995.197498 16.177 0.014
-35.953967 0.725379 53997.175043 18.191 0.018 53997.17671 16.932 0.012 53997.173376 16.568 0.011 53997.17421 16.419 0.014 53997.175876 16.34 0.018
-35.953967 0.725379 54005.146891 18.063 0.018 54005.148557 16.791 0.011 54005.145224 16.479 0.009 54005.146057 16.34 0.013 54005.147724 16.287 0.016
-35.953967 0.725379 54007.159636 18.316 0.023 54007.161303 17.118 0.015 54007.157969 16.787 0.013 54007.158803 16.62 0.015 54007.160469 16.55 0.014
-35.953967 0.725379 54009.156742 18.037 0.021 54009.158408 16.782 0.011 54009.155075 16.46 0.009 54009.155908 16.332 0.013 54009.157575 16.287 0.012
-35.953967 0.725379 54011.221254 18.276 0.029 54011.22292 16.931 0.013 54011.219587 16.663 0.012 54011.22042 16.512 0.013 54011.222087 16.475 0.018
-35.953967 0.725379 54019.171443 18.334 0.018 54019.17311 17.043 0.01 54019.169777 16.669 0.01 54019.17061 16.532 0.009 54019.172277 16.495 0.012
-35.953967 0.725379 54025.220255 17.973 0.018 54025.221922 16.743 0.012 54025.218588 16.424 0.012 54025.219422 16.301 0.01 54025.221088 16.25 0.014
-35.953967 0.725379 54029.150592 17.731 0.014 54029.152259 16.476 0.012 54029.148926 16.287 0.014 54029.149759 16.214 0.009 54029.151426 16.19 0.014
-35.953967 0.725379 54051.127195 -99.99 0.132 54051.128862 16.919 0.017 54051.125528 -99.99 0.04 54051.126362 16.364 0.03 54051.128028 -99.99 0.098
-35.953967 0.725379 54356.228749 18.291 0.023 54356.230416 16.992 0.022 54356.227082 16.651 0.017 54356.227916 16.523 0.026 54356.229582 16.419 0.016
-35.953967 0.725379 54358.173812 17.63 0.018 54358.175479 16.336 0.014 54358.172145 16.186 0.016 54358.172979 16.176 0.017 54358.174645 16.171 0.019
-35.953967 0.725379 54359.118014 18.252 0.02 54359.11968 17.022 0.014 54359.116347 16.671 0.015 54359.11718 16.48 0.014 54359.118847 16.447 0.016
-35.953967 0.725379 54373.205908 17.896 0.019 54373.207574 16.62 0.01 54373.204241 16.354 0.014 54373.205074 16.291 0.014 54373.206741 16.234 0.014
-35.953967 0.725379 54381.218604 17.811 0.018 54381.220271 16.509 0.027 54381.216938 16.335 0.017 54381.217771 16.209 0.012 54381.219438 16.21 0.021
-35.953967 0.725379 54382.216004 -99.99 0.022 54382.217671 17.024 0.015 54382.214338 16.732 0.013 54382.215171 16.568 0.011 54382.216838 16.526 0.017
-35.953967 0.725379 54383.221748 18.287 0.023 54383.223415 17.041 0.018 54383.220081 16.652 0.013 54383.220915 16.479 0.011 54383.222581 16.403 0.019
-35.953967 0.725379 54386.218756 18.404 0.022 54386.220422 17.134 0.015 54386.217089 16.768 0.011 54386.217922 16.641 0.012 54386.219589 16.544 0.015
-35.953967 0.725379 54388.223031 18.055 0.022 54388.224698 16.812 0.012 54388.221364 16.501 0.013 54388.222198 16.358 0.012 54388.223864 16.321 0.018
-35.953967 0.725379 54403.136802 18.097 0.021 54403.138468 16.792 0.014 54403.135135 16.467 0.01 54403.135968 16.334 0.013 54403.137635 16.309 0.015
-35.953967 0.725379 54406.130631 18.249 0.019 54406.132297 16.982 0.012 54406.128964 16.609 0.014 54406.129797 16.446 0.013 54406.131464 16.368 0.014
-35.953967 0.725379 54412.133561 17.724 0.02 54412.135227 16.512 0.018 54412.131894 16.349 0.011 54412.132727 16.286 0.018 54412.134394 16.266 0.014
-35.953967 0.725379 54415.171116 17.978 0.025 54415.172782 16.742 0.015 54415.169449 16.414 0.01 54415.170282 16.311 0.013 54415.171949 16.283 0.015
