-36.691577 -1.018174 52197.211841 17.244 0.009 52197.213507 15.989 0.004 52197.210174 15.964 0.005 52197.211007 15.947 0.005 52197.212674 15.957 0.007
-36.691577 -1.018174 52934.112285 17.185 0.008 52934.113951 -99.99 0.003 52934.110618 15.868 0.003 52934.111451 15.864 0.004 52934.113118 15.876 0.006
-36.691577 -1.018174 52936.108212 17.159 0.008 52936.109878 15.842 0.004 52936.106545 15.863 0.004 52936.107378 15.868 0.005 52936.109045 15.893 0.006
-36.691577 -1.018174 53243.293422 17.384 0.01 53243.295088 16.11 0.004 53243.291755 16.003 0.004 53243.292588 15.981 0.004 53243.294255 15.999 0.007
-36.691577 -1.018174 53270.172277 17.426 0.03 53270.173944 16.242 0.009 53270.170611 16.079 0.01 53270.171444 16.031 0.012 53270.173111 16.024 0.014
-36.691577 -1.018174 53272.222222 17.263 0.01 53272.223888 16.025 0.004 53272.220555 15.917 0.004 53272.221388 15.918 0.004 53272.223055 15.935 0.007
-36.691577 -1.018174 53312.100632 17.406 0.012 53312.102298 -99.99 0.015 53312.098965 16.045 0.006 53312.099798 -99.99 0.007 53312.101465 16.013 0.011
-36.691577 -1.018174 53314.101823 16.999 0.008 53314.103489 15.733 0.003 53314.100156 15.731 0.003 53314.100989 -99.99 0.004 53314.102656 15.805 0.006
-36.691577 -1.018174 53623.196404 17.043 0.009 53623.19807 15.785 0.004 53623.194737 15.769 0.004 53623.19557 15.804 0.004 53623.197237 15.827 0.007
-36.691577 -1.018174 53626.182616 17.047 0.009 53626.184282 15.786 0.004 53626.180949 15.755 0.004 53626.181782 15.782 0.004 53626.183449 15.805 0.007
-36.691577 -1.018174 53628.167482 17.45 0.015 53628.169148 16.19 0.004 53628.165815 16.069 0.004 53628.166648 16.047 0.004 53628.168315 16.032 0.008
-36.691577 -1.018174 53637.169096 17.423 0.011 53637.170762 -99.99 0.003 53637.167429 16.051 0.003 53637.168262 16.029 0.004 53637.169929 15.999 0.008
-36.691577 -1.018174 53656.143757 17.046 0.012 53656.145423 15.758 0.003 53656.14209 15.766 0.003 53656.142923 15.779 0.004 53656.14459 15.815 0.007
-36.691577 -1.018174 53668.146667 16.968 0.008 53668.148333 15.686 0.003 53668.145 15.683 0.003 53668.145833 15.734 0.004 53668.1475 15.776 0.007
-36.691577 -1.018174 53670.15152 17.483 0.01 53670.153186 -99.99 0.004 53670.149853 16.102 0.004 53670.150686 16.058 0.004 53670.152353 16.07 0.007
-36.691577 -1.018174 53673.119503 17.119 0.008 53673.121169 15.851 0.003 53673.117836 15.878 0.004 53673.118669 15.883 0.004 53673.120336 15.883 0.007
-36.691577 -1.018174 53675.116392 17.27 0.009 53675.118058 15.995 0.003 53675.114725 15.933 0.004 53675.115558 15.904 0.004 53675.117225 15.937 0.007
-36.691577 -1.018174 53677.137423 16.999 0.008 53677.139089 15.744 0.003 53677.135756 15.778 0.004 53677.136589 15.782 0.004 53677.138256 15.827 0.006
-36.691577 -1.018174 53680.12409 17.067 0.008 53680.125756 15.778 0.003 53680.122423 15.749 0.003 53680.123256 15.786 0.004 53680.124923 15.815 0.006
-36.691577 -1.018174 53686.1908 16.959 0.016 53686.192466 -99.99 0.004 53686.189133 -99.99 0.003 53686.189966 -99.99 0.004 53686.191633 15.793 0.008
-36.691577 -1.018174 53702.12169 17.001 0.013 53702.123357 -99.99 0.014 53702.120023 -99.99 0.009 53702.120857 -99.99 0.01 53702.122523 15.805 0.033
-36.691577 -1.018174 53703.130812 17.35 0.016 53703.132479 16.104 0.009 53703.129146 15.987 0.008 53703.129979 15.976 0.011 53703.131646 16.018 0.016
-36.691577 -1.018174 53704.10932 17.384 0.01 53704.110986 16.137 0.003 53704.107653 16.015 0.003 53704.108486 15.996 0.004 53704.110153 15.977 0.007
-36.691577 -1.018174 53974.197283 17.456 0.014 53974.198949 16.235 0.014 53974.195616 16.109 0.008 53974.196449 16.045 0.013 53974.198116 16.044 0.014
-36.691577 -1.018174 53989.205357 16.942 0.014 53989.207024 15.704 0.011 53989.203691 15.705 0.012 53989.204524 15.729 0.014 53989.206191 15.807 0.012
-36.691577 -1.018174 54005.144837 -99.99 0.016 54005.146504 15.745 0.01 54005.143171 15.737 0.012 54005.144004 15.776 0.013 54005.145671 15.795 0.013
-36.691577 -1.018174 54007.157595 17.438 0.021 54007.159262 16.184 0.018 54007.155928 16.062 0.01 54007.156762 -99.99 0.018 54007.158428 16.027 0.012
-36.691577 -1.018174 54011.219192 17.076 0.017 54011.220858 15.86 0.015 54011.217525 15.775 0.01 54011.218358 15.84 0.022 54011.220025 -99.99 0.013
-36.691577 -1.018174 54025.218206 17.417 0.015 54025.219872 16.234 0.015 54025.216539 16.055 0.011 54025.217372 15.976 0.019 54025.219039 16.052 0.013
-36.691577 -1.018174 54051.12514 -99.99 0.12 54051.126807 -99.99 0.02 54051.123474 -99.99 0.026 54051.124307 -99.99 0.026 54051.125974 -99.99 0.05
-36.691577 -1.018174 54356.226715 16.958 0.02 54356.228382 15.707 0.008 54356.225048 -99.99 0.013 54356.225882 15.75 0.023 54356.227548 15.778 0.021
-36.691577 -1.018174 54358.171785 17.284 0.017 54358.173451 16.026 0.013 54358.170118 -99.99 0.004 54358.170951 -99.99 0.01 54358.172618 15.922 0.017
-36.691577 -1.018174 54359.115947 16.994 0.015 54359.117614 15.776 0.015 54359.114281 15.727 0.021 54359.115114 15.788 0.009 54359.116781 -99.99 0.021
-36.691577 -1.018174 54373.203868 17.049 0.016 54373.205535 15.778 0.015 54373.202202 -99.99 0.012 54373.203035 -99.99 0.016 54373.204702 15.833 0.018
-36.691577 -1.018174 54381.216561 17.007 0.015 54381.218228 -99.99 0.012 54381.214894 -99.99 0.008 54381.215728 -99.99 0.022 54381.217394 15.793 0.015
-36.691577 -1.018174 54382.213954 17.286 0.017 54382.215621 -99.99 0.01 54382.212288 -99.99 0.037 54382.213121 -99.99 0.017 54382.214788 15.956 0.015
-36.691577 -1.018174 54383.219695 17.491 0.017 54383.221361 16.248 0.011 54383.218028 16.042 0.011 54383.218861 -99.99 0.013 54383.220528 16.016 0.018
-36.691577 -1.018174 54386.216719 17.137 0.013 54386.218386 15.887 0.009 54386.215052 15.871 0.011 54386.215886 15.874 0.015 54386.217552 15.9 0.012
-36.691577 -1.018174 54388.221206 17.298 0.018 54388.222872 16.056 0.009 54388.219539 15.903 0.01 54388.220372 15.906 0.014 54388.222039 15.931 0.013
-36.691577 -1.018174 54406.1286 -99.99 0.014 54406.130267 15.846 0.012 54406.126933 15.839 0.015 54406.127767 15.887 0.013 54406.129433 15.907 0.014
-36.691577 -1.018174 54415.16909 17.213 0.014 54415.170756 15.991 0.021 54415.167423 15.913 0.009 54415.168256 15.859 0.012 54415.169923 15.921 0.017
