41.93869 0.60201 51081.399719 19.001 0.024 51081.401385 17.657 0.005 51081.398052 17.698 0.006 51081.398885 17.776 0.008 51081.400552 17.756 0.019
41.93869 0.60201 51819.470864 19.078 0.033 51819.47253 17.884 0.006 51819.469197 17.857 0.007 51819.47003 17.855 0.009 51819.471697 17.898 0.022
41.93869 0.60201 51875.214666 18.78 0.019 51875.216332 17.523 0.005 51875.212999 17.58 0.005 51875.213832 17.663 0.007 51875.215499 17.714 0.019
41.93869 0.60201 52225.295542 19.166 0.024 52225.297208 17.976 0.006 52225.293875 17.939 0.007 52225.294708 17.936 0.008 52225.296375 17.987 0.02
41.93869 0.60201 52288.129965 18.925 0.022 52288.131631 17.599 0.005 52288.128298 17.651 0.006 52288.129131 17.706 0.007 52288.130798 17.763 0.017
41.93869 0.60201 52551.403251 18.882 0.021 52551.404917 17.62 0.005 52551.401584 17.66 0.006 52551.402417 17.745 0.008 52551.404084 17.79 0.018
41.93869 0.60201 52558.436125 19.267 0.026 52558.437791 18.141 0.007 52558.434458 18.04 0.007 52558.435291 18.011 0.009 52558.436958 17.96 0.02
41.93869 0.60201 52578.307734 19.287 0.026 52578.3094 18.112 0.006 52578.306067 18.031 0.007 52578.3069 18.024 0.009 52578.308567 18.02 0.021
41.93869 0.60201 52585.270714 18.853 0.019 52585.27238 17.629 0.005 52585.269047 17.718 0.006 52585.26988 17.758 0.008 52585.271547 17.703 0.019
41.93869 0.60201 52909.437347 19.29 0.027 52909.439013 18.063 0.006 52909.43568 17.978 0.007 52909.436513 17.957 0.008 52909.43818 17.932 0.02
41.93869 0.60201 52910.40759 18.896 0.022 52910.409256 17.606 0.005 52910.405923 17.707 0.006 52910.406756 17.755 0.008 52910.408423 17.773 0.019
41.93869 0.60201 52935.334761 19.36 0.03 52935.336427 18.075 0.006 52935.333094 17.967 0.007 52935.333927 17.957 0.009 52935.335594 17.93 0.023
41.93869 0.60201 52963.257837 19.268 0.024 52963.259503 18.115 0.007 52963.25617 18.005 0.007 52963.257003 17.996 0.009 52963.25867 17.963 0.018
41.93869 0.60201 52971.248753 19.16 0.03 52971.250419 17.836 0.006 52971.247086 17.815 0.006 52971.247919 17.855 0.008 52971.249586 17.87 0.021
41.93869 0.60201 53351.180143 19.186 0.026 53351.181809 17.986 0.006 53351.178476 17.966 0.007 53351.179309 17.978 0.009 53351.180976 17.925 0.023
41.93869 0.60201 53622.437191 19.297 0.027 53622.438857 18.069 0.007 53622.435524 17.991 0.007 53622.436357 17.964 0.009 53622.438024 18 0.021
41.93869 0.60201 53627.39429 19.212 0.026 53627.395956 18.048 0.006 53627.392623 17.985 0.007 53627.393456 17.984 0.008 53627.395123 17.985 0.019
41.93869 0.60201 53634.386663 18.75 0.034 53634.388329 17.513 0.007 53634.384996 17.581 0.007 53634.385829 17.676 0.009 53634.387496 17.721 0.018
41.93869 0.60201 53638.427999 18.802 0.023 53638.429665 17.536 0.006 53638.426332 17.595 0.006 53638.427165 17.679 0.008 53638.428832 17.665 0.017
41.93869 0.60201 53640.392035 18.83 0.024 53640.393701 17.488 0.005 53640.390368 17.612 0.006 53640.391201 17.68 0.008 53640.392868 17.711 0.018
41.93869 0.60201 53643.43451 19.263 0.032 53643.436176 -99.99 0.006 53643.432843 17.961 0.007 53643.433676 17.97 0.009 53643.435343 17.97 0.022
41.93869 0.60201 53646.453443 18.746 0.036 53646.455109 17.508 0.006 53646.451776 17.607 0.01 53646.452609 17.703 0.014 53646.454276 17.71 0.026
41.93869 0.60201 53663.45386 18.799 0.046 53663.455526 17.532 0.008 53663.452193 17.577 0.007 53663.453026 17.676 0.009 53663.454693 17.711 0.019
41.93869 0.60201 53664.389165 -99.99 0.039 53664.390831 17.846 0.008 53664.387498 17.812 0.008 53664.388331 17.831 0.009 53664.389998 17.833 0.021
41.93869 0.60201 53665.453793 18.771 0.035 53665.455459 17.484 0.006 53665.452126 17.57 0.007 53665.452959 17.658 0.008 53665.454626 17.721 0.021
41.93869 0.60201 53668.44241 19.248 0.053 53668.444076 17.941 0.007 53668.440743 17.882 0.008 53668.441576 17.907 0.01 53668.443243 17.921 0.027
41.93869 0.60201 53669.348409 -99.99 0.044 53669.350075 18.091 0.007 53669.346742 -99.99 0.014 53669.347575 18.009 0.012 53669.349242 18.106 0.113
41.93869 0.60201 53670.448382 19.13 0.035 53670.450048 17.913 0.007 53670.446715 17.861 0.007 53670.447548 17.884 0.009 53670.449215 17.829 0.021
41.93869 0.60201 53671.433159 19.166 0.033 53671.434825 17.915 0.007 53671.431492 17.916 0.007 53671.432325 17.914 0.009 53671.433992 17.8 0.019
41.93869 0.60201 53674.332647 18.872 0.024 53674.334313 17.574 0.005 53674.33098 17.698 0.006 53674.331813 17.745 0.008 53674.33348 17.761 0.019
41.93869 0.60201 53676.422101 18.858 0.031 53676.423767 17.588 0.006 53676.420434 17.647 0.007 53676.421267 17.71 0.009 53676.422934 17.788 0.02
41.93869 0.60201 53679.394005 19.244 0.032 53679.395671 18.033 0.006 53679.392338 17.941 0.007 53679.393171 17.943 0.01 53679.394838 17.927 0.026
41.93869 0.60201 53681.385518 19.207 0.029 53681.387184 17.913 0.007 53681.383851 17.868 0.007 53681.384684 17.882 0.008 53681.386351 17.895 0.018
41.93869 0.60201 53684.347015 19.321 0.042 53684.348681 18.089 0.009 53684.345348 18.024 0.009 53684.346181 18.019 0.013 53684.347848 18.021 0.037
41.93869 0.60201 53687.288328 18.897 0.045 53687.289994 17.533 0.008 53687.286661 17.612 0.009 53687.287494 17.705 0.011 53687.289161 17.737 0.022
41.93869 0.60201 53694.358469 19.269 0.057 53694.360135 18.019 0.009 53694.356802 17.945 0.009 53694.357635 17.917 0.01 53694.359302 17.97 0.024
41.93869 0.60201 53697.342543 18.976 0.03 53697.344209 17.735 0.006 53697.340876 17.798 0.007 53697.341709 17.819 0.008 53697.343376 17.839 0.019
41.93869 0.60201 53700.3415 19.079 0.029 53700.343166 17.78 0.006 53700.339833 17.757 0.006 53700.340666 17.809 0.009 53700.342333 17.783 0.022
41.93869 0.60201 53705.328171 19.309 0.036 53705.329837 18.137 0.007 53705.326504 18.033 0.007 53705.327337 18.03 0.009 53705.329004 18.014 0.023
41.93869 0.60201 53975.413231 19.027 0.025 53975.414898 17.768 0.013 53975.411565 17.797 0.02 53975.412398 17.806 0.023 53975.414065 17.837 0.023
41.93869 0.60201 53994.436231 19.171 0.023 53994.437897 17.919 0.022 53994.434564 17.87 0.014 53994.435397 17.867 0.014 53994.437064 17.888 0.023
41.93869 0.60201 53996.419905 19.114 0.026 53996.421572 17.792 0.016 53996.418238 17.774 0.02 53996.419072 17.818 0.015 53996.420738 17.812 0.027
41.93869 0.60201 54005.433087 19.345 0.029 54005.434754 18.144 0.014 54005.43142 18.017 0.014 54005.432254 18.008 0.015 54005.43392 18.034 0.027
41.93869 0.60201 54009.446902 19.361 0.028 54009.448569 18.145 0.014 54009.445235 17.999 0.015 54009.446069 17.987 0.02 54009.447735 18.024 0.023
41.93869 0.60201 54010.374017 19.197 0.024 54010.375683 17.988 0.014 54010.37235 17.951 0.01 54010.373183 17.94 0.012 54010.37485 17.947 0.022
41.93869 0.60201 54012.366867 19.327 0.031 54012.368534 18.143 0.016 54012.365201 18.074 0.013 54012.366034 18.01 0.018 54012.367701 17.982 0.026
41.93869 0.60201 54020.404904 19.347 0.045 54020.406571 -99.99 0.034 54020.403237 18.01 0.013 54020.404071 18.021 0.014 54020.405737 17.986 0.023
41.93869 0.60201 54024.454446 19.274 0.038 54024.456113 18.096 0.011 54024.452779 18.001 0.012 54024.453613 18.021 0.014 54024.455279 18.002 0.027
41.93869 0.60201 54028.442728 19.267 0.034 54028.444394 18.165 0.023 54028.441061 18.027 0.023 54028.441894 18.013 0.017 54028.443561 17.987 0.03
41.93869 0.60201 54030.398174 19.156 0.029 54030.399841 17.907 0.018 54030.396507 17.869 0.014 54030.397341 17.876 0.015 54030.399007 17.831 0.023
41.93869 0.60201 54035.442141 18.91 0.044 54035.443808 17.528 0.014 54035.440475 17.593 0.016 54035.441308 17.688 0.017 54035.442975 17.747 0.035
41.93869 0.60201 54037.347647 19.293 0.025 54037.349313 18.079 0.029 54037.34598 18.018 0.019 54037.346813 17.987 0.02 54037.34848 17.97 0.023
41.93869 0.60201 54040.3622 18.808 0.022 54040.363867 17.497 0.014 54040.360533 17.578 0.013 54040.361367 17.654 0.014 54040.363033 17.597 0.024
41.93869 0.60201 54041.397642 19.328 0.04 54041.399308 18.157 0.015 54041.395975 18.051 0.014 54041.396808 18.025 0.014 54041.398475 17.995 0.027
41.93869 0.60201 54047.3927 19.139 0.104 54047.394367 18.025 0.018 54047.391034 17.921 0.017 54047.391867 17.934 0.028 54047.393534 -99.99 0.037
41.93869 0.60201 54049.38858 19.1 0.043 54049.390247 17.912 0.015 54049.386913 17.853 0.013 54049.387747 17.883 0.016 54049.389413 17.883 0.021
41.93869 0.60201 54050.348754 19.281 0.055 54050.350421 18.105 0.023 54050.347087 18.03 0.018 54050.347921 17.966 0.024 54050.349587 17.942 0.043
41.93869 0.60201 54053.368245 19.066 0.028 54053.369912 -99.99 0.014 54053.366578 -99.99 0.01 54053.367412 17.752 0.015 54053.369078 -99.99 0.029
41.93869 0.60201 54056.354582 19.321 0.033 54056.356249 18.133 0.017 54056.352916 18.055 0.012 54056.353749 18.004 0.015 54056.355416 18.064 0.03
41.93869 0.60201 54059.348859 18.761 0.029 54059.350525 17.512 0.02 54059.347192 17.585 0.033 54059.348025 17.69 0.019 54059.349692 17.708 0.024
41.93869 0.60201 54061.359949 18.787 0.033 54061.361615 17.513 0.024 54061.358282 17.629 0.02 54061.359115 17.674 0.021 54061.360782 17.711 0.025
41.93869 0.60201 54062.353752 19.268 0.03 54062.355419 18.021 0.019 54062.352086 17.916 0.013 54062.352919 17.907 0.021 54062.354586 17.947 0.02
41.93869 0.60201 54064.35019 19.173 0.028 54064.351856 17.932 0.015 54064.348523 17.853 0.014 54064.349356 17.88 0.014 54064.351023 17.862 0.02
41.93869 0.60201 54068.334344 19.005 0.046 54068.33601 17.719 0.02 54068.332677 -99.99 0.042 54068.33351 17.787 0.015 54068.335177 17.839 0.049
41.93869 0.60201 54357.392089 19.062 0.027 54357.393756 17.872 0.015 54357.390422 17.865 0.015 54357.391256 17.891 0.015 54357.392922 17.885 0.023
41.93869 0.60201 54362.44187 19.15 0.026 54362.443537 17.91 0.011 54362.440204 17.862 0.013 54362.441037 17.861 0.016 54362.442704 17.872 0.021
41.93869 0.60201 54376.436955 18.788 0.024 54376.438622 17.506 0.009 54376.435288 17.564 0.015 54376.436122 17.64 0.015 54376.437788 17.675 0.02
41.93869 0.60201 54382.422136 19.142 0.028 54382.423802 17.846 0.019 54382.420469 17.847 0.018 54382.421302 17.885 0.021 54382.422969 17.893 0.026
41.93869 0.60201 54385.439878 19.101 0.026 54385.441545 17.828 0.019 54385.438212 17.817 0.01 54385.439045 17.812 0.016 54385.440712 17.869 0.02
41.93869 0.60201 54387.440391 19.014 0.036 54387.442058 17.798 0.018 54387.438725 17.77 0.016 54387.439558 17.872 0.029 54387.441225 17.839 0.024
41.93869 0.60201 54390.432861 -99.99 0.67 54390.434527 -99.99 0.014 54390.431194 -99.99 0.022 54390.432027 -99.99 0.032 54390.433694 -99.99 0.077
41.93869 0.60201 54391.441209 18.914 0.037 54391.442876 17.657 0.016 54391.439542 17.676 0.021 54391.440376 17.744 0.021 54391.442042 17.716 0.028
41.93869 0.60201 54402.433532 19.343 0.085 54402.435199 17.936 0.022 54402.431866 17.856 0.014 54402.432699 17.847 0.018 54402.434366 17.897 0.022
