44.322909 0.785245 51075.422636 -99.99 0.029 51075.424302 18.277 0.007 51075.420969 18.178 0.007 51075.421802 18.169 0.01 51075.423469 18.188 0.03
44.322909 0.785245 51818.392266 19.671 0.034 51818.393932 18.443 0.007 51818.390599 18.313 0.008 51818.391432 18.303 0.01 51818.393099 18.271 0.026
44.322909 0.785245 52171.380384 20.144 0.046 52171.38205 18.904 0.01 52171.378717 18.596 0.009 52171.37955 18.507 0.012 52171.381217 18.483 0.028
44.322909 0.785245 52173.356641 19.543 0.034 52173.358307 18.271 0.007 52173.354974 18.194 0.008 52173.355807 18.178 0.01 52173.357474 18.205 0.03
44.322909 0.785245 52224.336807 19.338 0.027 52224.338473 18.119 0.007 52224.33514 18.111 0.008 52224.335973 18.131 0.009 52224.33764 18.137 0.022
44.322909 0.785245 52234.293298 19.51 0.033 52234.294964 18.344 0.007 52234.291631 18.309 0.008 52234.292464 18.284 0.01 52234.294131 18.269 0.024
44.322909 0.785245 52261.256653 20.2 0.049 52261.258319 19.02 0.01 52261.254986 18.68 0.009 52261.255819 18.553 0.011 52261.257486 18.491 0.026
44.322909 0.785245 52283.124026 19.416 0.031 52283.125692 18.115 0.006 52283.122359 18.083 0.007 52283.123192 18.132 0.011 52283.124859 18.191 0.03
44.322909 0.785245 52552.455843 20.229 0.047 52552.457509 18.978 0.009 52552.454176 18.673 0.009 52552.455009 18.551 0.011 52552.456676 18.48 0.029
44.322909 0.785245 52557.430201 20.162 0.047 52557.431867 18.981 0.01 52557.428534 18.672 0.01 52557.429367 18.521 0.012 52557.431034 18.508 0.034
44.322909 0.785245 52585.331531 19.518 0.026 52585.333197 18.294 0.007 52585.329864 18.233 0.008 52585.330697 18.223 0.01 52585.332364 18.197 0.023
44.322909 0.785245 52908.40477 20.174 0.047 52908.406436 18.949 0.009 52908.403103 18.635 0.01 52908.403936 18.526 0.012 52908.405603 18.529 0.03
44.322909 0.785245 52912.384209 20.209 0.052 52912.385875 18.991 0.01 52912.382542 18.726 0.01 52912.383375 18.571 0.012 52912.385042 18.538 0.031
44.322909 0.785245 52934.336676 20.021 0.042 52934.338342 18.803 0.009 52934.335009 18.512 0.009 52934.335842 18.415 0.011 52934.337509 18.42 0.031
44.322909 0.785245 52936.332603 19.506 0.028 52936.334269 18.304 0.007 52936.330936 18.241 0.008 52936.331769 18.262 0.01 52936.333436 18.26 0.024
44.322909 0.785245 53270.396656 20.014 0.035 53270.398323 18.841 0.014 53270.39499 18.541 0.013 53270.395823 18.443 0.016 53270.39749 18.351 0.026
44.322909 0.785245 53272.4466 19.796 0.039 53272.448266 18.44 0.009 53272.444933 18.283 0.01 53272.445766 18.272 0.012 53272.447433 18.224 0.027
44.322909 0.785245 53286.41532 19.982 0.057 53286.416986 18.698 0.009 53286.413653 18.44 0.009 53286.414486 18.383 0.011 53286.416153 18.349 0.029
44.322909 0.785245 53288.373814 20.177 0.05 53288.37548 18.989 0.01 53288.372147 18.738 0.01 53288.37298 18.656 0.013 53288.374647 18.637 0.034
44.322909 0.785245 53294.421485 20.145 0.136 53294.423151 19.011 0.014 53294.419818 18.643 0.02 53294.420651 -99.99 0.033 53294.422318 18.493 0.062
44.322909 0.785245 53296.368581 19.805 0.037 53296.370248 18.586 0.018 53296.366914 18.395 0.016 53296.367748 18.306 0.017 53296.369414 18.32 0.026
44.322909 0.785245 53298.418262 19.679 0.033 53298.419928 18.44 0.007 53298.416595 18.376 0.009 53298.417428 18.328 0.011 53298.419095 18.34 0.029
44.322909 0.785245 53302.369483 19.518 0.038 53302.371149 18.236 0.009 53302.367816 18.148 0.009 53302.368649 18.163 0.011 53302.370316 18.135 0.023
44.322909 0.785245 53312.325055 19.335 0.035 53312.326722 18.014 0.015 53312.323389 18.006 0.021 53312.324222 18.031 0.017 53312.325889 18.042 0.024
44.322909 0.785245 53314.326214 20.195 0.071 53314.32788 19.003 0.011 53314.324547 18.686 0.011 53314.32538 18.596 0.014 53314.327047 18.509 0.034
44.322909 0.785245 53319.31401 20.364 0.067 53319.315676 19.042 0.011 53319.312343 18.712 0.011 53319.313176 18.575 0.014 53319.314843 18.535 0.036
44.322909 0.785245 53616.430565 -99.99 0.06 53616.432231 19.019 0.01 53616.428898 18.653 0.01 53616.429731 18.514 0.012 53616.431398 18.483 0.033
44.322909 0.785245 53626.406993 20.316 0.075 53626.408659 18.941 0.011 53626.405326 18.656 0.01 53626.406159 18.561 0.017 53626.407826 18.432 0.035
44.322909 0.785245 53628.391858 19.326 0.035 53628.393524 18.029 0.007 53628.390191 17.993 0.008 53628.391024 18.038 0.011 53628.392691 18.075 0.026
44.322909 0.785245 53639.438854 19.437 0.032 53639.44052 18.204 0.007 53639.437187 18.155 0.008 53639.43802 18.157 0.01 53639.439687 18.15 0.021
44.322909 0.785245 53641.438019 20.246 0.062 53641.439685 19.005 0.011 53641.436352 18.687 0.01 53641.437185 18.569 0.013 53641.438852 18.539 0.032
44.322909 0.785245 53657.396904 19.954 0.069 53657.39857 18.792 0.015 53657.395237 18.512 0.012 53657.39607 18.399 0.015 53657.397737 18.431 0.042
44.322909 0.785245 53663.381452 19.644 0.071 53663.383118 18.51 0.013 53663.379785 18.34 0.011 53663.380618 18.26 0.012 53663.382285 18.29 0.027
44.322909 0.785245 53665.359424 20.203 0.084 53665.36109 18.974 0.014 53665.357757 18.685 0.011 53665.35859 18.573 0.013 53665.360257 18.556 0.034
44.322909 0.785245 53666.451535 20.172 0.091 53666.453201 18.958 0.015 53666.449868 18.648 0.012 53666.450701 18.558 0.013 53666.452368 18.514 0.033
44.322909 0.785245 53668.371053 19.855 0.062 53668.372719 18.526 0.009 53668.369386 18.342 0.009 53668.370219 18.307 0.012 53668.371886 18.332 0.031
44.322909 0.785245 53669.458662 19.727 0.063 53669.460328 18.492 0.01 53669.456995 18.309 0.009 53669.457828 18.28 0.011 53669.459495 18.223 0.03
44.322909 0.785245 53670.375905 20.142 0.066 53670.377571 18.967 0.011 53670.374238 18.695 0.01 53670.375071 18.613 0.013 53670.376738 18.586 0.032
44.322909 0.785245 53673.343892 19.714 0.035 53673.345558 18.472 0.008 53673.342225 18.319 0.008 53673.343058 18.267 0.01 53673.344725 18.228 0.022
44.322909 0.785245 53675.340779 20.211 0.052 53675.342445 19.01 0.012 53675.339112 18.69 0.013 53675.339945 18.585 0.016 53675.341612 18.504 0.032
44.322909 0.785245 53677.36181 19.988 0.043 53677.363476 18.816 0.009 53677.360143 18.525 0.008 53677.360976 18.416 0.01 53677.362643 18.369 0.022
44.322909 0.785245 53680.348477 20.219 0.053 53680.350143 18.971 0.013 53680.34681 18.684 0.014 53680.347643 18.593 0.016 53680.34931 18.504 0.031
44.322909 0.785245 53683.407027 19.887 0.125 53683.408693 18.767 0.021 53683.40536 18.482 0.015 53683.406193 18.393 0.025 53683.40786 -99.99 0.113
44.322909 0.785245 53686.347908 20.176 0.112 53686.349574 18.956 0.018 53686.346241 18.665 0.014 53686.347074 18.521 0.015 53686.348741 18.479 0.032
44.322909 0.785245 53687.405293 19.501 0.209 53687.406959 18.899 0.036 53687.403626 -99.99 0.03 53687.404459 18.437 0.031 53687.406126 18.426 0.062
44.322909 0.785245 53693.350367 19.95 0.129 53693.352033 18.616 0.016 53693.3487 18.406 0.014 53693.349533 18.308 0.015 53693.3512 18.285 0.032
44.322909 0.785245 53699.371204 19.66 0.048 53699.37287 18.362 0.009 53699.369537 18.228 0.008 53699.37037 18.199 0.01 53699.372037 18.195 0.023
44.322909 0.785245 53704.333688 19.456 0.033 53704.335354 18.2 0.007 53704.332021 -99.99 0.008 53704.332854 18.13 0.009 53704.334521 18.137 0.023
44.322909 0.785245 53989.429839 -99.99 0.058 53989.431506 18.465 0.018 53989.428172 18.292 0.012 53989.429006 18.245 0.017 53989.430672 18.202 0.027
44.322909 0.785245 53997.453357 20.209 0.041 53997.455024 19.003 0.016 53997.45169 18.69 0.012 53997.452524 18.55 0.014 53997.45419 18.524 0.027
44.322909 0.785245 54000.405174 -99.99 0.03 54000.406841 18.018 0.014 54000.403508 18.041 0.018 54000.404341 18.071 0.014 54000.406008 18.119 0.026
44.322909 0.785245 54007.455397 20.14 0.052 54007.457063 18.955 0.018 54007.45373 18.639 0.023 54007.454563 18.569 0.017 54007.45623 18.52 0.028
44.322909 0.785245 54009.379093 19.828 0.041 54009.38076 18.483 0.016 54009.377426 18.313 0.012 54009.37826 18.27 0.013 54009.379926 18.236 0.024
44.322909 0.785245 54011.443577 19.894 0.036 54011.445243 18.76 0.018 54011.44191 18.563 0.012 54011.442743 18.475 0.016 54011.44441 18.424 0.026
44.322909 0.785245 54012.456443 20.121 0.055 54012.45811 18.986 0.023 54012.454776 18.671 0.019 54012.45561 18.558 0.022 54012.457276 18.513 0.035
44.322909 0.785245 54019.438623 19.935 0.079 54019.44029 18.753 0.016 54019.436957 18.459 0.017 54019.43779 18.413 0.02 54019.439457 18.292 0.026
44.322909 0.785245 54025.44264 19.794 0.041 54025.444306 18.591 0.013 54025.440973 18.386 0.011 54025.441806 18.309 0.015 54025.443473 18.276 0.026
44.322909 0.785245 54346.436351 19.716 0.068 54346.438018 18.459 0.016 54346.434684 18.419 0.018 54346.435518 18.328 0.028 54346.437184 18.31 0.026
44.322909 0.785245 54348.440322 20.283 0.064 54348.441989 19.042 0.022 54348.438656 18.705 0.028 54348.439489 18.551 0.022 54348.441156 18.545 0.033
44.322909 0.785245 54358.396158 20.304 0.068 54358.397825 19.054 0.022 54358.394492 18.698 0.019 54358.395325 18.574 0.019 54358.396992 18.459 0.034
44.322909 0.785245 54365.429257 19.804 0.034 54365.430924 18.483 0.024 54365.427591 18.305 0.021 54365.428424 18.299 0.019 54365.430091 18.292 0.028
44.322909 0.785245 54381.448781 -99.99 0.035 54381.450448 18.225 0.011 54381.447115 18.152 0.02 54381.447948 18.173 0.016 54381.449615 18.167 0.025
44.322909 0.785245 54384.455481 20.295 0.086 54384.457148 -99.99 0.022 54384.453815 18.637 0.034 54384.454648 18.508 0.019 54384.456315 18.414 0.038
44.322909 0.785245 54386.441162 19.544 0.05 54386.442828 18.302 0.017 54386.439495 18.169 0.012 54386.440328 18.184 0.017 54386.441995 18.185 0.028
44.322909 0.785245 54388.445349 -99.99 0.044 54388.447015 18.977 0.02 54388.443682 18.643 0.016 54388.444515 18.522 0.015 54388.446182 18.527 0.026
44.322909 0.785245 54392.44303 -99.99 0.054 54392.444696 18.801 0.026 54392.441363 18.605 0.027 54392.442196 18.487 0.029 54392.443863 18.43 0.033
44.322909 0.785245 54403.3592 20.044 0.069 54403.360866 18.956 0.017 54403.357533 18.6 0.016 54403.358366 18.515 0.017 54403.360033 18.444 0.027
44.322909 0.785245 54404.416698 -99.99 0.242 54404.418365 -99.99 0.069 54404.415032 18.553 0.012 54404.415865 18.445 0.016 54404.417532 -99.99 0.091
44.322909 0.785245 54406.353051 19.625 0.035 54406.354718 18.418 0.017 54406.351384 18.299 0.016 54406.352218 18.278 0.019 54406.353884 18.263 0.025
44.322909 0.785245 54409.357905 19.995 0.04 54409.359572 18.806 0.014 54409.356238 18.487 0.013 54409.357072 18.393 0.016 54409.358738 18.37 0.022
44.322909 0.785245 54412.378757 20.502 0.082 54412.380424 19.037 0.016 54412.377091 18.754 0.02 54412.377924 18.563 0.018 54412.379591 18.574 0.043
