-41.552139 -0.270726 51819.239613 19.382 0.032 51819.241279 18.127 0.007 51819.237946 17.811 0.007 51819.238779 17.71 0.007 51819.240446 17.666 0.019
-41.552139 -0.270726 52172.255189 19.341 0.029 52172.256855 18.052 0.007 52172.253522 17.734 0.007 52172.254355 17.627 0.007 52172.256022 17.528 0.016
-41.552139 -0.270726 52558.204895 19.397 0.043 52558.206561 -99.99 0.008 52558.203228 17.756 0.007 52558.204061 17.666 0.008 52558.205728 17.614 0.03
-41.552139 -0.270726 52576.117152 19.381 0.029 52576.118818 18.156 0.006 52576.115485 17.837 0.007 52576.116318 17.736 0.007 52576.117985 17.694 0.02
-41.552139 -0.270726 52577.092386 19.269 0.026 52577.094052 18.044 0.006 52577.090719 17.711 0.006 52577.091552 17.612 0.007 52577.093219 17.562 0.019
-41.552139 -0.270726 52930.105717 18.895 0.02 52930.107383 17.67 0.006 52930.10405 17.471 0.006 52930.104883 17.403 0.007 52930.10655 17.363 0.013
-41.552139 -0.270726 52931.106546 18.681 0.018 52931.108212 17.427 0.005 52931.104879 17.385 0.005 52931.105712 17.378 0.006 52931.107379 17.4 0.014
-41.552139 -0.270726 52935.103512 18.965 0.024 52935.105178 17.782 0.005 52935.101845 17.638 0.006 52935.102678 17.565 0.007 52935.104345 17.505 0.017
-41.552139 -0.270726 53313.096712 18.814 0.027 53313.098378 17.544 0.005 53313.095045 17.382 0.006 53313.095878 -99.99 0.007 53313.097545 17.351 0.02
-41.552139 -0.270726 53622.205959 19.246 0.039 53622.207625 18.015 0.007 53622.204292 17.694 0.006 53622.205125 17.58 0.008 53622.206792 17.522 0.022
-41.552139 -0.270726 53625.201924 19.273 0.029 53625.20359 18.11 0.007 53625.200257 17.79 0.007 53625.20109 17.673 0.008 53625.202757 17.65 0.016
-41.552139 -0.270726 53634.155427 19.026 0.054 53634.157093 17.741 0.008 53634.15376 17.506 0.007 53634.154593 17.449 0.009 53634.15626 -99.99 0.027
-41.552139 -0.270726 53636.160959 19.301 0.031 53636.162625 18.112 0.007 53636.159292 17.795 0.007 53636.160125 17.699 0.007 53636.161792 17.7 0.02
-41.552139 -0.270726 53655.132965 19.257 0.037 53655.134631 18.164 0.008 53655.131298 17.838 0.007 53655.132131 17.73 0.008 53655.133798 17.709 0.019
-41.552139 -0.270726 53664.157924 19.27 0.041 53664.15959 18.07 0.008 53664.156257 17.724 0.007 53664.15709 17.615 0.007 53664.158757 17.571 0.018
-41.552139 -0.270726 53666.121525 19.082 0.024 53666.123191 17.872 0.006 53666.119858 17.703 0.007 53666.120691 17.624 0.008 53666.122358 17.583 0.017
-41.552139 -0.270726 53669.117164 18.765 0.02 53669.11883 17.492 0.006 53669.115497 17.343 0.006 53669.11633 17.344 0.007 53669.117997 17.33 0.014
-41.552139 -0.270726 53674.101399 19.456 0.033 53674.103065 18.211 0.007 53674.099732 17.877 0.007 53674.100565 17.783 0.008 53674.102232 17.75 0.021
-41.552139 -0.270726 53676.190902 19.198 0.029 53676.192568 18.031 0.006 53676.189235 17.696 0.007 53676.190068 17.589 0.007 53676.191735 17.55 0.015
-41.552139 -0.270726 53679.162772 19.34 0.038 53679.164438 18.108 0.007 53679.161105 17.785 0.007 53679.161938 17.648 0.007 53679.163605 17.611 0.02
-41.552139 -0.270726 53681.154294 -99.99 0.028 53681.15596 17.386 0.005 53681.152627 17.332 0.009 53681.15346 17.322 0.009 53681.155127 17.312 0.018
-41.552139 -0.270726 53685.113336 18.507 0.033 53685.115002 17.259 0.007 53685.111669 17.24 0.007 53685.112502 17.276 0.007 53685.114169 17.28 0.018
-41.552139 -0.270726 53687.151689 19.294 0.071 53687.153355 18.098 0.011 53687.150022 17.745 0.008 53687.150855 17.628 0.008 53687.152522 17.582 0.017
-41.552139 -0.270726 53694.127228 19.325 0.056 53694.128894 -99.99 0.01 53694.125561 17.769 0.009 53694.126394 17.681 0.012 53694.128061 -99.99 0.036
-41.552139 -0.270726 53697.111318 19.313 0.116 53697.112984 -99.99 0.024 53697.109651 17.909 0.024 53697.110484 17.811 0.026 53697.112151 -99.99 0.082
-41.552139 -0.270726 53700.110278 -99.99 0.033 53700.111944 -99.99 0.006 53700.108611 17.312 0.006 53700.109444 -99.99 0.009 53700.111111 -99.99 0.084
-41.552139 -0.270726 53705.096949 19.311 0.038 53705.098615 18.17 0.007 53705.095282 17.834 0.007 53705.096115 17.731 0.008 53705.097782 17.68 0.019
-41.552139 -0.270726 53975.181941 18.716 0.025 53975.183608 17.467 0.012 53975.180275 17.335 0.018 53975.181108 17.332 0.013 53975.182775 17.302 0.021
-41.552139 -0.270726 53996.18866 19.29 0.028 53996.190327 18.103 0.01 53996.186994 17.782 0.01 53996.187827 17.665 0.013 53996.189494 17.649 0.02
-41.552139 -0.270726 53998.157297 18.739 0.025 53998.158964 17.49 0.012 53998.15563 17.345 0.011 53998.156464 17.316 0.014 53998.15813 17.299 0.02
-41.552139 -0.270726 54005.194564 19.127 0.028 54005.196231 17.962 0.015 54005.192898 17.626 0.009 54005.193731 17.54 0.011 54005.195398 17.505 0.019
-41.552139 -0.270726 54010.142797 18.463 0.021 54010.144463 17.229 0.011 54010.14113 17.193 0.013 54010.141963 17.24 0.014 54010.14363 17.231 0.016
-41.552139 -0.270726 54012.135624 19.199 0.06 54012.137291 18.038 0.018 54012.133957 17.713 0.011 54012.134791 17.585 0.015 54012.136457 17.566 0.022
-41.552139 -0.270726 54020.141604 19.241 0.026 54020.14327 17.985 0.009 54020.139937 17.661 0.011 54020.14077 17.532 0.011 54020.142437 17.5 0.017
-41.552139 -0.270726 54022.19118 18.607 0.023 54022.192847 -99.99 0.013 54022.189514 17.288 0.012 54022.190347 17.318 0.012 54022.192014 -99.99 0.033
-41.552139 -0.270726 54028.131967 19.067 0.034 54028.133633 17.881 0.015 54028.1303 17.562 0.011 54028.131133 -99.99 0.016 54028.1328 17.455 0.024
-41.552139 -0.270726 54030.135157 19.379 0.027 54030.136823 18.216 0.012 54030.13349 17.87 0.01 54030.134323 17.758 0.01 54030.13599 17.729 0.019
-41.552139 -0.270726 54032.124631 19.078 0.031 54032.126297 -99.99 0.016 54032.122964 17.533 0.011 54032.123797 -99.99 0.017 54032.125464 -99.99 0.022
-41.552139 -0.270726 54034.194896 19.4 0.041 54034.196563 -99.99 0.011 54034.19323 17.873 0.01 54034.194063 -99.99 0.014 54034.19573 -99.99 0.027
-41.552139 -0.270726 54037.116393 18.662 0.022 54037.11806 17.431 0.011 54037.114726 17.345 0.012 54037.11556 17.347 0.013 54037.117226 17.359 0.021
-41.552139 -0.270726 54040.130881 18.957 0.04 54040.132547 17.682 0.012 54040.129214 17.474 0.012 54040.130047 17.374 0.013 54040.131714 17.398 0.019
-41.552139 -0.270726 54050.115506 19.352 0.032 54050.117173 18.093 0.016 54050.11384 17.768 0.01 54050.114673 17.643 0.012 54050.11634 17.621 0.025
-41.552139 -0.270726 54053.121661 19.442 0.032 54053.123328 18.25 0.011 54053.119995 17.901 0.011 54053.120828 17.784 0.016 54053.122495 17.757 0.023
-41.552139 -0.270726 54057.092016 19.34 0.029 54057.093682 18.136 0.013 54057.090349 17.788 0.01 54057.091182 17.681 0.011 54057.092849 17.642 0.021
-41.552139 -0.270726 54059.117628 18.968 0.027 54059.119294 17.803 0.01 54059.115961 17.528 0.014 54059.116794 17.504 0.011 54059.118461 17.445 0.017
-41.552139 -0.270726 54061.128676 19.313 0.046 54061.130343 18.175 0.017 54061.127009 17.824 0.012 54061.127843 17.745 0.014 54061.129509 17.731 0.025
-41.552139 -0.270726 54062.122549 19.252 0.041 54062.124216 18.06 0.016 54062.120883 17.722 0.012 54062.121716 17.621 0.016 54062.123383 17.577 0.028
-41.552139 -0.270726 54068.112517 18.759 0.085 54068.114184 17.636 0.013 54068.11085 17.467 0.012 54068.111684 17.446 0.015 54068.11335 17.368 0.03
-41.552139 -0.270726 54357.160818 19.11 0.031 54357.162485 17.827 0.02 54357.159151 17.565 0.015 54357.159985 17.461 0.012 54357.161651 17.413 0.022
-41.552139 -0.270726 54365.158669 18.937 0.037 54365.160336 17.686 0.015 54365.157003 17.471 0.011 54365.157836 17.398 0.011 54365.159503 17.39 0.02
-41.552139 -0.270726 54385.208644 18.749 0.027 54385.210311 17.507 0.011 54385.206978 17.352 0.012 54385.207811 17.331 0.009 54385.209478 17.328 0.017
-41.552139 -0.270726 54387.209143 19.252 0.034 54387.21081 18.099 0.013 54387.207476 17.771 0.011 54387.20831 17.654 0.012 54387.209976 17.631 0.023
-41.552139 -0.270726 54392.203874 19.051 0.039 54392.205541 17.86 0.036 54392.202207 17.59 0.013 54392.203041 17.517 0.018 54392.204707 17.443 0.025
-41.552139 -0.270726 54402.202342 19.203 0.064 54402.204009 18.1 0.019 54402.200675 17.767 0.013 54402.201509 17.647 0.017 54402.203175 17.679 0.023
