-9.123989 -1.238721 51081.258312 18.101 0.015 51081.259978 16.837 0.004 51081.256645 16.555 0.004 51081.257478 16.429 0.004 51081.259145 16.385 0.009
-9.123989 -1.238721 51467.353461 17.56 0.013 51467.355127 16.382 0.004 51467.351794 16.326 0.004 51467.352627 16.25 0.004 51467.354294 16.234 0.009
-9.123989 -1.238721 51819.32946 17.177 0.009 51819.331126 15.88 0.004 51819.327793 15.891 0.004 51819.328626 15.926 0.004 51819.330293 15.945 0.007
-9.123989 -1.238721 52558.294709 17.509 0.01 52558.296375 16.243 0.004 52558.293042 16.119 0.004 52558.293875 16.08 0.004 52558.295542 16.084 0.007
-9.123989 -1.238721 52577.182206 18.102 0.013 52577.183872 16.846 0.004 52577.180539 16.569 0.004 52577.181372 16.466 0.004 52577.183039 16.437 0.009
-9.123989 -1.238721 52586.185684 17.632 0.011 52586.18735 16.362 0.004 52586.184017 16.191 0.004 52586.18485 16.121 0.004 52586.186517 16.12 0.008
-9.123989 -1.238721 52910.266166 17.798 0.011 52910.267832 16.532 0.004 52910.264499 16.3 0.005 52910.265332 16.205 0.005 52910.266999 16.18 0.008
-9.123989 -1.238721 52931.196367 18.155 0.015 52931.198033 16.888 0.004 52931.1947 16.641 0.004 52931.195533 16.522 0.005 52931.1972 16.48 0.008
-9.123989 -1.238721 52935.193332 18.015 0.014 52935.194998 16.798 0.004 52935.191665 16.516 0.004 52935.192498 16.406 0.004 52935.194165 16.354 0.009
-9.123989 -1.238721 52959.136658 16.951 0.008 52959.138324 15.645 0.003 52959.134991 15.695 0.004 52959.135824 15.789 0.004 52959.137491 15.831 0.006
-9.123989 -1.238721 52963.116402 18.044 0.013 52963.118068 16.828 0.005 52963.114735 16.55 0.005 52963.115568 16.437 0.005 52963.117235 16.407 0.008
-9.123989 -1.238721 53313.186532 17.515 0.01 53313.188198 -99.99 0.003 53313.184865 16.085 0.003 53313.185698 16.103 0.004 53313.187365 16.082 0.007
-9.123989 -1.238721 53352.087466 18.04 0.013 53352.089132 16.819 0.004 53352.085799 16.502 0.004 53352.086632 16.371 0.005 53352.088299 16.361 0.008
-9.123989 -1.238721 53622.295772 17.664 0.012 53622.297438 16.372 0.004 53622.294105 16.188 0.003 53622.294938 -99.99 0.004 53622.296605 16.099 0.008
-9.123989 -1.238721 53634.245242 17.953 0.027 53634.246908 16.694 0.005 53634.243575 16.411 0.004 53634.244408 16.314 0.005 53634.246075 -99.99 0.009
-9.123989 -1.238721 53636.250776 17.728 0.015 53636.252442 16.476 0.004 53636.249109 16.262 0.004 53636.249942 16.18 0.004 53636.251609 16.152 0.008
-9.123989 -1.238721 53638.286577 17.595 0.011 53638.288243 16.356 0.004 53638.28491 16.186 0.004 53638.285743 16.129 0.005 53638.28741 16.097 0.007
-9.123989 -1.238721 53640.250611 -99.99 0.064 53640.252277 -99.99 0.003 53640.248944 15.792 0.004 53640.249777 -99.99 0.004 53640.251444 -99.99 0.53
-9.123989 -1.238721 53664.247739 18.04 0.019 53664.249405 16.787 0.005 53664.246072 16.508 0.004 53664.246905 16.374 0.005 53664.248572 16.335 0.009
-9.123989 -1.238721 53666.211343 17.852 0.012 53666.213009 16.572 0.005 53666.209676 16.324 0.005 53666.210509 16.231 0.005 53666.212176 16.194 0.008
-9.123989 -1.238721 53669.206982 17.482 0.01 53669.208648 16.177 0.004 53669.205315 16.065 0.004 53669.206148 16.055 0.005 53669.207815 16.038 0.007
-9.123989 -1.238721 53671.29176 17.545 0.012 53671.293426 16.271 0.004 53671.290093 16.131 0.004 53671.290926 16.075 0.004 53671.292593 16.056 0.007
-9.123989 -1.238721 53674.191217 18.151 0.015 53674.192883 16.905 0.004 53674.18955 16.616 0.004 53674.190383 16.509 0.005 53674.19205 16.457 0.008
-9.123989 -1.238721 53676.280703 18.189 0.019 53676.282369 16.949 0.004 53676.279036 16.667 0.004 53676.279869 16.536 0.005 53676.281536 16.598 0.009
-9.123989 -1.238721 53679.252591 18.058 0.016 53679.254257 16.815 0.004 53679.250924 16.532 0.004 53679.251757 16.435 0.004 53679.253424 16.38 0.009
-9.123989 -1.238721 53681.244103 18.034 0.014 53681.245769 16.801 0.005 53681.242436 16.483 0.005 53681.243269 16.35 0.005 53681.244936 16.317 0.008
-9.123989 -1.238721 53685.203152 17.445 0.023 53685.204818 16.166 0.005 53685.201485 16.061 0.005 53685.202318 -99.99 0.005 53685.203985 -99.99 0.01
-9.123989 -1.238721 53687.241493 17.322 0.016 53687.243159 15.998 0.004 53687.239826 15.958 0.005 53687.240659 16.016 0.005 53687.242326 15.96 0.007
-9.123989 -1.238721 53694.217034 17.984 0.038 53694.2187 16.853 0.006 53694.215367 16.548 0.005 53694.2162 16.384 0.005 53694.217867 16.378 0.012
-9.123989 -1.238721 53697.201126 17.975 0.032 53697.202792 16.689 0.006 53697.199459 16.495 0.007 53697.200292 16.274 0.006 53697.201959 16.283 0.015
-9.123989 -1.238721 53700.200086 17.608 0.012 53700.201752 16.338 0.004 53700.198419 16.169 0.004 53700.199252 16.106 0.004 53700.200919 16.105 0.007
-9.123989 -1.238721 53705.186755 18.11 0.016 53705.188421 16.891 0.007 53705.185088 16.632 0.008 53705.185921 16.522 0.008 53705.187588 16.481 0.011
-9.123989 -1.238721 53975.27175 17.794 0.017 53975.273417 16.527 0.022 53975.270084 16.295 0.013 53975.270917 16.202 0.013 53975.272584 16.153 0.017
-9.123989 -1.238721 53993.339635 17.813 0.04 53993.341302 16.538 0.011 53993.337969 -99.99 0.033 53993.338802 -99.99 0.031 53993.340469 -99.99 0.029
-9.123989 -1.238721 53996.278476 17.002 0.014 53996.280143 15.735 0.016 53996.27681 15.776 0.011 53996.277643 15.846 0.019 53996.27931 15.874 0.013
-9.123989 -1.238721 53998.247154 18.183 0.024 53998.248821 16.972 0.026 53998.245487 16.658 0.01 53998.246321 16.55 0.017 53998.247987 16.494 0.017
-9.123989 -1.238721 54005.277347 18.025 0.017 54005.279014 16.843 0.022 54005.27568 16.48 0.013 54005.276514 16.342 0.014 54005.27818 16.285 0.021
-9.123989 -1.238721 54010.232626 17.154 0.014 54010.234293 15.909 0.017 54010.23096 15.899 0.017 54010.231793 15.922 0.018 54010.23346 15.909 0.014
-9.123989 -1.238721 54012.225441 17.464 0.012 54012.227107 16.33 0.017 54012.223774 16.313 0.01 54012.224607 16.214 0.016 54012.226274 16.172 0.014
-9.123989 -1.238721 54020.231471 18.019 0.015 54020.233138 16.734 0.018 54020.229805 16.438 0.013 54020.230638 16.318 0.014 54020.232305 16.283 0.014
-9.123989 -1.238721 54022.280696 17.963 0.02 54022.282363 16.732 0.014 54022.279029 16.421 0.014 54022.279863 16.276 0.02 54022.281529 16.266 0.017
-9.123989 -1.238721 54028.22179 17.487 0.029 54028.223456 16.332 0.018 54028.220123 16.255 0.011 54028.220956 16.267 0.028 54028.222623 16.203 0.014
-9.123989 -1.238721 54030.224982 18.129 0.018 54030.226649 16.922 0.023 54030.223315 16.606 0.013 54030.224149 16.5 0.017 54030.225815 16.473 0.016
-9.123989 -1.238721 54035.300746 -99.99 0.019 54035.302413 16.847 0.055 54035.299079 16.53 0.011 54035.299913 16.416 0.014 54035.301579 16.348 0.018
-9.123989 -1.238721 54037.206249 17.758 0.015 54037.207916 16.577 0.022 54037.204582 16.326 0.017 54037.205416 16.217 0.021 54037.207082 16.217 0.015
-9.123989 -1.238721 54040.220713 -99.99 0.015 54040.222379 16.251 0.017 54040.219046 16.105 0.008 54040.219879 16.097 0.014 54040.221546 16.072 0.011
-9.123989 -1.238721 54049.247213 18.066 0.026 54049.248879 16.867 0.012 54049.245546 16.547 0.015 54049.246379 16.462 0.013 54049.248046 16.387 0.023
-9.123989 -1.238721 54053.211497 17.855 0.014 54053.213163 16.62 0.02 54053.20983 16.407 0.015 54053.210663 16.265 0.014 54053.21233 16.231 0.019
-9.123989 -1.238721 54056.213219 17.536 0.015 54056.214885 16.212 0.028 54056.211552 16.1 0.066 54056.212385 16.057 0.024 54056.214052 16.055 0.018
-9.123989 -1.238721 54059.207523 16.928 0.018 54059.209189 15.64 0.02 54059.205856 15.779 0.017 54059.206689 15.818 0.024 54059.208356 15.846 0.024
-9.123989 -1.238721 54062.212336 18.138 0.025 54062.214003 16.881 0.018 54062.21067 16.6 0.023 54062.211503 16.502 0.02 54062.21317 16.438 0.02
-9.123989 -1.238721 54357.250633 18.052 0.023 54357.2523 16.849 0.018 54357.248967 16.511 0.012 54357.2498 16.381 0.013 54357.251467 16.323 0.026
-9.123989 -1.238721 54362.300456 17.929 0.016 54362.302123 16.654 0.015 54362.29879 16.396 0.013 54362.299623 16.283 0.018 54362.30129 16.234 0.016
-9.123989 -1.238721 54376.30911 18.113 0.022 54376.310776 -99.99 0.023 54376.307443 -99.99 0.015 54376.308276 -99.99 0.015 54376.309943 -99.99 0.018
-9.123989 -1.238721 54385.298461 17.336 0.017 54385.300127 16.076 0.018 54385.296794 16.06 0.014 54385.297627 16.056 0.023 54385.299294 16.112 0.016
-9.123989 -1.238721 54387.298971 18.158 0.019 54387.300638 16.93 0.017 54387.297305 16.623 0.016 54387.298138 16.512 0.011 54387.299805 16.493 0.014
-9.123989 -1.238721 54392.293689 18.038 0.079 54392.295356 16.805 0.016 54392.292022 16.477 0.016 54392.292856 16.364 0.015 54392.294522 16.302 0.017
-9.123989 -1.238721 54402.292188 18.194 0.028 54402.293855 16.915 0.018 54402.290521 16.66 0.018 54402.291355 16.546 0.013 54402.293021 16.506 0.022
