-45.237294 0.877676 51819.229409 17.981 0.015 51819.231075 16.725 0.004 51819.227742 16.607 0.005 51819.228575 16.604 0.005 51819.230242 16.594 0.01
-45.237294 0.877676 52172.244985 18.417 0.018 52172.246651 17.188 0.005 52172.243318 16.905 0.005 52172.244151 16.795 0.006 52172.245818 16.757 0.01
-45.237294 0.877676 52558.194687 18.366 0.017 52558.196353 17.131 0.005 52558.19302 16.886 0.005 52558.193853 16.793 0.005 52558.19552 16.758 0.01
-45.237294 0.877676 52576.106944 18.471 0.018 52576.10861 17.268 0.005 52576.105277 16.978 0.005 52576.10611 16.872 0.005 52576.107777 16.818 0.011
-45.237294 0.877676 52577.082178 18.502 0.018 52577.083844 17.255 0.004 52577.080511 16.967 0.005 52577.081344 16.84 0.005 52577.083011 16.815 0.012
-45.237294 0.877676 52930.09551 18.576 0.019 52930.097176 17.338 0.005 52930.093843 17.072 0.005 52930.094676 16.959 0.005 52930.096343 16.917 0.011
-45.237294 0.877676 52931.09634 18.519 0.018 52931.098006 17.281 0.005 52931.094673 17.005 0.005 52931.095506 16.898 0.005 52931.097173 16.872 0.011
-45.237294 0.877676 52935.093304 18.138 0.014 52935.09497 16.892 0.004 52935.091637 16.708 0.004 52935.09247 16.661 0.005 52935.094137 16.622 0.01
-45.237294 0.877676 53313.086505 17.91 0.013 53313.088171 16.627 0.004 53313.084838 16.527 0.004 53313.085671 16.528 0.005 53313.087338 16.533 0.01
-45.237294 0.877676 53622.195753 18.671 0.026 53622.197419 17.387 0.005 53622.194086 17.124 0.005 53622.194919 17.018 0.006 53622.196586 16.974 0.014
-45.237294 0.877676 53625.191719 18.567 0.021 53625.193385 17.352 0.006 53625.190052 17.046 0.006 53625.190885 16.931 0.006 53625.192552 16.874 0.011
-45.237294 0.877676 53634.145223 18.544 0.038 53634.146889 17.29 0.006 53634.143556 16.996 0.005 53634.144389 16.926 0.006 53634.146056 16.882 0.016
-45.237294 0.877676 53636.150755 18.45 0.018 53636.152421 17.213 0.005 53636.149088 16.934 0.005 53636.149921 16.853 0.006 53636.151588 16.778 0.01
-45.237294 0.877676 53645.210421 18.576 0.031 53645.212087 17.34 0.007 53645.208754 17.046 0.005 53645.209587 16.925 0.006 53645.211254 -99.99 0.03
-45.237294 0.877676 53655.122758 18.643 0.029 53655.124424 17.352 0.006 53655.121091 17.033 0.005 53655.121924 16.943 0.006 53655.123591 16.883 0.013
-45.237294 0.877676 53657.210176 18.56 0.065 53657.211842 17.342 0.01 53657.208509 17.032 0.008 53657.209342 16.893 0.008 53657.211009 -99.99 0.017
-45.237294 0.877676 53664.14772 18.488 0.022 53664.149386 17.276 0.005 53664.146053 17.014 0.005 53664.146886 16.935 0.006 53664.148553 16.91 0.012
-45.237294 0.877676 53666.111319 18.493 0.018 53666.112985 17.271 0.005 53666.109652 16.967 0.005 53666.110485 16.876 0.006 53666.112152 16.818 0.011
-45.237294 0.877676 53669.106956 18.313 0.016 53669.108622 17.074 0.005 53669.105289 16.835 0.005 53669.106122 16.755 0.005 53669.107789 16.729 0.01
-45.237294 0.877676 53674.091191 18.389 0.018 53674.092857 17.155 0.005 53674.089524 16.941 0.005 53674.090357 16.853 0.005 53674.092024 16.787 0.011
-45.237294 0.877676 53676.180683 18.4 0.019 53676.182349 17.219 0.005 53676.179016 16.935 0.005 53676.179849 16.873 0.005 53676.181516 16.876 0.011
-45.237294 0.877676 53681.144086 18.036 0.04 53681.145752 16.886 0.01 53681.142419 16.707 0.011 53681.143252 16.66 0.014 53681.144919 -99.99 0.037
-45.237294 0.877676 53685.10313 18.507 0.038 53685.104796 17.252 0.007 53685.101463 17.011 0.006 53685.102296 16.893 0.006 53685.103963 16.9 0.014
-45.237294 0.877676 53687.141481 18.523 0.037 53687.143147 17.291 0.006 53687.139814 17.007 0.005 53687.140647 16.891 0.006 53687.142314 16.844 0.011
-45.237294 0.877676 53694.117023 18.689 0.037 53694.118689 17.427 0.005 53694.115356 -99.99 0.006 53694.116189 -99.99 0.008 53694.117856 -99.99 0.02
-45.237294 0.877676 53697.101111 18.611 0.073 53697.102777 17.388 0.014 53697.099444 17.037 0.015 53697.100277 16.935 0.016 53697.101944 16.881 0.044
-45.237294 0.877676 53700.100074 18.141 0.018 53700.10174 16.846 0.004 53700.098407 16.682 0.004 53700.09924 16.64 0.005 53700.100907 16.613 0.013
-45.237294 0.877676 53705.086743 18.543 0.024 53705.088409 17.32 0.005 53705.085076 17.056 0.005 53705.085909 16.951 0.005 53705.087576 16.899 0.012
-45.237294 0.877676 53975.17175 18.119 0.021 53975.173417 16.874 0.014 53975.170083 16.683 0.013 53975.170917 16.647 0.015 53975.172583 16.641 0.016
-45.237294 0.877676 53996.178465 17.999 0.02 53996.180131 16.743 0.013 53996.176798 16.618 0.007 53996.177631 16.588 0.007 53996.179298 16.558 0.016
-45.237294 0.877676 53998.147092 18.308 0.022 53998.148759 17.081 0.009 53998.145425 16.905 0.007 53998.146259 16.837 0.008 53998.147925 16.817 0.015
-45.237294 0.877676 54005.18434 18.223 0.021 54005.186007 16.979 0.008 54005.182673 16.754 0.007 54005.183507 16.685 0.012 54005.185173 16.642 0.016
-45.237294 0.877676 54010.132564 18.531 0.022 54010.13423 17.316 0.01 54010.130897 17.022 0.011 54010.13173 16.953 0.009 54010.133397 16.888 0.016
-45.237294 0.877676 54012.125409 18.532 0.028 54012.127076 17.294 0.01 54012.123743 16.971 0.009 54012.124576 16.867 0.012 54012.126243 -99.99 0.015
-45.237294 0.877676 54020.131394 18.504 0.019 54020.133061 17.33 0.008 54020.129728 17.044 0.009 54020.130561 16.933 0.008 54020.132228 16.925 0.014
-45.237294 0.877676 54022.180693 -99.99 0.045 54022.182359 17.334 0.008 54022.179026 17.062 0.01 54022.179859 16.961 0.011 54022.181526 16.944 0.018
-45.237294 0.877676 54028.121758 17.58 0.032 54028.123425 16.359 0.012 54028.120092 16.385 0.008 54028.120925 16.432 0.01 54028.122592 16.437 0.016
-45.237294 0.877676 54030.124944 18.612 0.023 54030.12661 17.394 0.011 54030.123277 17.103 0.007 54030.12411 17.002 0.008 54030.125777 16.941 0.013
-45.237294 0.877676 54032.114207 18.604 0.026 54032.115874 17.293 0.01 54032.11254 17.033 0.009 54032.113374 -99.99 0.009 54032.11504 -99.99 0.017
-45.237294 0.877676 54034.184442 18.548 0.035 54034.186108 17.302 0.008 54034.182775 16.97 0.008 54034.183608 16.885 0.008 54034.185275 16.833 0.019
-45.237294 0.877676 54037.106185 17.88 0.018 54037.107852 16.628 0.01 54037.104519 16.536 0.008 54037.105352 16.58 0.009 54037.107019 16.528 0.012
-45.237294 0.877676 54040.120683 18.299 0.027 54040.12235 17.038 0.014 54040.119017 16.851 0.008 54040.11985 16.809 0.01 54040.121517 16.793 0.016
-45.237294 0.877676 54050.105314 18.076 0.021 54050.106981 16.812 0.009 54050.103648 16.724 0.015 54050.104481 16.702 0.011 54050.106148 16.721 0.014
-45.237294 0.877676 54053.111453 18.505 0.026 54053.11312 17.222 0.01 54053.109787 16.942 0.011 54053.11062 16.851 0.01 54053.112287 16.768 0.016
-45.237294 0.877676 54056.113138 18.28 0.043 54056.114805 17.021 0.015 54056.111472 16.78 0.033 54056.112305 -99.99 0.053 54056.113972 16.725 0.018
-45.237294 0.877676 54057.081785 18.088 0.021 54057.083452 16.847 0.012 54057.080118 16.656 0.01 54057.080952 16.634 0.009 54057.082618 16.613 0.014
-45.237294 0.877676 54059.107414 17.902 0.021 54059.109081 16.669 0.011 54059.105747 16.594 0.008 54059.106581 16.581 0.01 54059.108247 16.605 0.015
-45.237294 0.877676 54061.118469 18.524 0.028 54061.120135 17.339 0.011 54061.116802 17.059 0.009 54061.117635 16.975 0.016 54061.119302 16.88 0.019
-45.237294 0.877676 54062.112323 18.533 0.03 54062.113989 17.343 0.015 54062.110656 17.029 0.011 54062.111489 16.935 0.011 54062.113156 16.921 0.022
-45.237294 0.877676 54068.102306 17.831 0.025 54068.103973 16.577 0.015 54068.10064 16.512 0.014 54068.101473 16.52 0.011 54068.10314 16.514 0.015
-45.237294 0.877676 54357.150613 18.487 0.025 54357.15228 17.296 0.011 54357.148946 17.005 0.021 54357.14978 16.919 0.013 54357.151446 16.849 0.016
-45.237294 0.877676 54365.148464 18.007 0.022 54365.150131 16.767 0.016 54365.146797 16.694 0.013 54365.147631 16.674 0.016 54365.149297 16.675 0.014
-45.237294 0.877676 54385.198432 17.666 0.021 54385.200098 16.444 0.014 54385.196765 16.39 0.008 54385.197598 16.448 0.009 54385.199265 16.448 0.016
-45.237294 0.877676 54387.198934 18.488 0.027 54387.200601 17.29 0.008 54387.197268 17.035 0.007 54387.198101 16.95 0.01 54387.199768 16.925 0.017
-45.237294 0.877676 54390.201956 18.534 0.028 54390.203623 17.314 0.011 54390.20029 17.027 0.01 54390.201123 16.928 0.01 54390.20279 16.879 0.016
-45.237294 0.877676 54392.193686 18.357 0.031 54392.195353 17.109 0.014 54392.19202 16.839 0.009 54392.192853 16.776 0.012 54392.19452 16.722 0.02
-45.237294 0.877676 54402.192135 18.383 0.038 54402.193802 17.153 0.016 54402.190469 16.846 0.013 54402.191302 16.748 0.012 54402.192969 16.75 0.018
