-5.688569 0.165956 51081.267779 20.261 0.07 51081.269445 18.98 0.01 51081.266112 18.688 0.011 51081.266945 18.551 0.013 51081.268612 18.499 0.048
-5.688569 0.165956 51467.362936 19.575 0.05 51467.364602 18.439 0.008 51467.361269 18.281 0.009 51467.362102 18.226 0.012 51467.363769 18.23 0.046
-5.688569 0.165956 51819.338977 19.665 0.04 51819.340643 18.516 0.008 51819.33731 18.324 0.008 51819.338143 18.251 0.01 51819.33981 18.144 0.03
-5.688569 0.165956 52558.304224 20.087 0.053 52558.30589 18.883 0.009 52558.302557 18.591 0.009 52558.30339 18.455 0.01 52558.305057 18.387 0.03
-5.688569 0.165956 52577.191722 19.774 0.04 52577.193388 18.497 0.007 52577.190055 18.323 0.008 52577.190888 18.241 0.01 52577.192555 18.249 0.034
-5.688569 0.165956 52586.195201 19.32 0.033 52586.196867 18.093 0.006 52586.193534 18.137 0.007 52586.194367 18.126 0.01 52586.196034 18.092 0.035
-5.688569 0.165956 52910.275683 19.927 0.04 52910.277349 18.768 0.008 52910.274016 18.476 0.009 52910.274849 18.396 0.01 52910.276516 18.404 0.031
-5.688569 0.165956 52931.205884 19.938 0.045 52931.20755 18.747 0.009 52931.204217 18.526 0.009 52931.20505 18.398 0.01 52931.206717 18.324 0.031
-5.688569 0.165956 52935.202848 19.555 0.035 52935.204514 18.268 0.007 52935.201181 18.18 0.008 52935.202014 18.134 0.009 52935.203681 18.132 0.029
-5.688569 0.165956 52959.146175 19.633 0.035 52959.147841 18.371 0.007 52959.144508 18.248 0.008 52959.145341 18.247 0.009 52959.147008 18.202 0.026
-5.688569 0.165956 52963.12592 19.959 0.039 52963.127586 18.773 0.008 52963.124253 18.529 0.009 52963.125086 18.404 0.01 52963.126753 18.368 0.028
-5.688569 0.165956 53313.196048 20.086 0.069 53313.197714 18.951 0.01 53313.194381 18.669 0.012 53313.195214 18.529 0.014 53313.196881 18.49 0.051
-5.688569 0.165956 53352.096986 19.242 0.028 53352.098652 17.998 0.006 53352.095319 18.057 0.007 53352.096152 18.063 0.009 53352.097819 18.096 0.027
-5.688569 0.165956 53622.305288 20.094 0.065 53622.306954 18.961 0.01 53622.303621 18.687 0.011 53622.304454 18.536 0.012 53622.306121 18.438 0.044
-5.688569 0.165956 53634.254759 19.345 0.078 53634.256425 18.23 0.012 53634.253092 18.128 0.012 53634.253925 18.157 0.013 53634.255592 18.137 0.042
-5.688569 0.165956 53636.260292 20.003 0.084 53636.261958 18.736 0.012 53636.258625 18.469 0.013 53636.259458 18.372 0.012 53636.261125 18.298 0.04
-5.688569 0.165956 53638.296093 20.1 0.057 53638.297759 18.916 0.01 53638.294426 18.646 0.01 53638.295259 18.537 0.011 53638.296926 18.444 0.033
-5.688569 0.165956 53640.260128 19.745 0.058 53640.261794 18.635 0.009 53640.258461 -99.99 0.011 53640.259294 -99.99 0.02 53640.260961 18.451 0.048
-5.688569 0.165956 53655.232298 19.848 0.107 53655.233964 18.676 0.016 53655.230631 18.401 0.016 53655.231464 18.304 0.015 53655.233131 18.224 0.048
-5.688569 0.165956 53664.257255 -99.99 0.06 53664.258921 18.155 0.01 53664.255588 18.06 0.009 53664.256421 18.061 0.012 53664.258088 18.117 0.036
-5.688569 0.165956 53666.220859 19.753 0.043 53666.222525 18.529 0.008 53666.219192 18.313 0.008 53666.220025 18.262 0.01 53666.221692 18.24 0.029
-5.688569 0.165956 53669.216498 19.631 0.038 53669.218164 18.309 0.007 53669.214831 18.198 0.008 53669.215664 18.16 0.009 53669.217331 18.144 0.028
-5.688569 0.165956 53671.301274 20.119 0.085 53671.30294 18.826 0.01 53671.299607 18.556 0.01 53671.30044 18.432 0.012 53671.302107 18.441 0.047
-5.688569 0.165956 53674.200734 19.811 0.045 53674.2024 18.542 0.008 53674.199067 18.337 0.008 53674.1999 18.268 0.009 53674.201567 18.26 0.031
-5.688569 0.165956 53676.290216 19.853 0.066 53676.291882 18.827 0.009 53676.288549 18.555 0.01 53676.289382 18.422 0.011 53676.291049 18.374 0.037
-5.688569 0.165956 53679.262106 19.882 0.063 53679.263772 18.809 0.009 53679.260439 18.555 0.01 53679.261272 18.421 0.011 53679.262939 18.421 0.044
-5.688569 0.165956 53681.253618 20.082 0.057 53681.255284 18.967 0.01 53681.251951 18.69 0.01 53681.252784 18.559 0.011 53681.254451 18.526 0.035
-5.688569 0.165956 53685.212668 19.977 0.183 53685.214334 18.544 0.023 53685.211001 18.358 0.021 53685.211834 18.274 0.021 53685.213501 18.23 0.052
-5.688569 0.165956 53694.226548 -99.99 0.13 53694.228214 -99.99 0.017 53694.224881 18.299 0.017 53694.225714 -99.99 0.017 53694.227381 -99.99 0.073
-5.688569 0.165956 53697.210641 20.281 0.131 53697.212307 18.995 0.016 53697.208974 18.696 0.016 53697.209807 18.62 0.019 53697.211474 18.55 0.066
-5.688569 0.165956 53700.2096 19.995 0.058 53700.211266 18.809 0.009 53700.207933 18.562 0.009 53700.208766 18.422 0.011 53700.210433 18.407 0.04
-5.688569 0.165956 53705.19627 20.141 0.063 53705.197936 19.005 0.01 53705.194603 18.714 0.01 53705.195436 18.616 0.011 53705.197103 18.531 0.035
-5.688569 0.165956 53975.281283 19.939 0.052 53975.282949 18.629 0.012 53975.279616 18.412 0.016 53975.280449 18.326 0.02 53975.282116 18.279 0.036
-5.688569 0.165956 53993.34909 -99.99 0.24 53993.350757 18.992 0.019 53993.347424 -99.99 0.064 53993.348257 -99.99 0.258 53993.349924 -99.99 0.073
-5.688569 0.165956 53994.304267 19.872 0.04 53994.305934 -99.99 0.024 53994.302601 18.448 0.016 53994.303434 18.342 0.012 53994.305101 18.321 0.031
-5.688569 0.165956 53996.288024 20.028 0.049 53996.28969 18.873 0.021 53996.286357 18.58 0.017 53996.28719 18.493 0.019 53996.288857 18.37 0.035
-5.688569 0.165956 53998.256689 20.144 0.049 53998.258355 18.968 0.013 53998.255022 18.68 0.012 53998.255855 18.573 0.016 53998.257522 18.508 0.03
-5.688569 0.165956 54005.286881 19.803 0.036 54005.288548 18.526 0.015 54005.285214 18.318 0.016 54005.286048 18.266 0.017 54005.287714 18.287 0.026
-5.688569 0.165956 54010.242142 19.81 0.042 54010.243809 18.656 0.017 54010.240476 18.403 0.013 54010.241309 18.322 0.019 54010.242976 18.24 0.025
-5.688569 0.165956 54012.234966 20.144 0.099 54012.236633 18.945 0.018 54012.233299 18.607 0.014 54012.234133 18.499 0.018 54012.235799 18.379 0.03
-5.688569 0.165956 54020.240932 20.087 0.06 54020.242599 18.937 0.021 54020.239265 18.647 0.016 54020.240099 18.507 0.016 54020.241765 18.487 0.039
-5.688569 0.165956 54022.290286 19.125 0.042 54022.291953 -99.99 0.021 54022.288619 17.908 0.015 54022.289453 17.965 0.012 54022.291119 17.996 0.041
-5.688569 0.165956 54024.322561 19.758 0.06 54024.324227 18.59 0.016 54024.320894 18.375 0.014 54024.321727 18.271 0.016 54024.323394 18.207 0.043
-5.688569 0.165956 54028.23131 20.107 0.051 54028.232977 18.996 0.024 54028.229644 18.681 0.015 54028.230477 18.547 0.017 54028.232144 18.56 0.039
-5.688569 0.165956 54030.234484 19.57 0.033 54030.23615 18.431 0.015 54030.232817 18.363 0.014 54030.23365 18.301 0.015 54030.235317 18.29 0.028
-5.688569 0.165956 54035.310289 19.595 0.049 54035.311956 18.428 0.017 54035.308622 18.268 0.014 54035.309456 18.205 0.017 54035.311122 18.162 0.034
-5.688569 0.165956 54037.215731 19.818 0.051 54037.217398 18.597 0.023 54037.214065 18.41 0.016 54037.214898 18.29 0.016 54037.216565 18.254 0.031
-5.688569 0.165956 54040.230228 -99.99 0.064 54040.231894 18.458 0.02 54040.228561 18.295 0.014 54040.229394 18.22 0.013 54040.231061 18.24 0.03
-5.688569 0.165956 54047.26081 20.613 0.343 54047.262477 19.017 0.031 54047.259144 18.742 0.021 54047.259977 18.538 0.036 54047.261644 -99.99 0.072
-5.688569 0.165956 54049.25668 19.388 0.057 54049.258346 18.223 0.017 54049.255013 18.231 0.016 54049.255846 18.188 0.017 54049.257513 18.26 0.037
-5.688569 0.165956 54053.221111 20.074 0.049 54053.222778 18.787 0.023 54053.219445 18.497 0.017 54053.220278 18.387 0.016 54053.221945 18.316 0.03
-5.688569 0.165956 54056.222689 19.877 0.078 54056.224355 18.598 0.014 54056.221022 -99.99 0.061 54056.221855 18.27 0.033 54056.223522 18.205 0.04
-5.688569 0.165956 54059.21696 19.652 0.048 54059.218627 18.35 0.031 54059.215294 18.197 0.013 54059.216127 18.171 0.021 54059.217794 18.193 0.03
-5.688569 0.165956 54062.221868 19.383 0.046 54062.223535 18.032 0.018 54062.220202 18.016 0.016 54062.221035 18.029 0.017 54062.222702 17.984 0.035
-5.688569 0.165956 54357.260151 19.703 0.043 54357.261818 -99.99 0.022 54357.258484 18.278 0.025 54357.259318 18.2 0.018 54357.260984 18.306 0.035
-5.688569 0.165956 54362.309992 -99.99 0.069 54362.311659 -99.99 0.034 54362.308326 18.527 0.024 54362.309159 -99.99 0.049 54362.310826 -99.99 0.077
-5.688569 0.165956 54385.307982 19.388 0.033 54385.309649 18.208 0.016 54385.306315 18.168 0.019 54385.307149 18.162 0.02 54385.308815 18.168 0.025
-5.688569 0.165956 54387.308468 19.675 0.044 54387.310135 18.461 0.016 54387.306802 18.282 0.014 54387.307635 18.216 0.015 54387.309302 18.218 0.032
-5.688569 0.165956 54392.303211 19.885 0.055 54392.304877 18.696 0.03 54392.301544 18.447 0.022 54392.302377 18.321 0.018 54392.304044 18.266 0.032
-5.688569 0.165956 54402.301651 19.954 0.117 54402.303318 18.858 0.026 54402.299985 18.566 0.018 54402.300818 18.494 0.017 54402.302485 18.344 0.036
