-47.681235 -0.966754 52075.328894 19.387 0.032 52075.33056 18.146 0.007 52075.327227 17.862 0.007 52075.32806 17.757 0.007 52075.329727 17.698 0.018
-47.681235 -0.966754 52197.137536 19.362 0.026 52197.139202 18.183 0.007 52197.135869 17.868 0.007 52197.136702 17.765 0.008 52197.138369 17.781 0.02
-47.681235 -0.966754 52557.175388 19.563 0.034 52557.177054 18.343 0.008 52557.173721 18.028 0.007 52557.174554 17.911 0.008 52557.176221 17.883 0.022
-47.681235 -0.966754 52578.071462 19.532 0.031 52578.073128 18.33 0.007 52578.069795 18.008 0.007 52578.070628 17.883 0.008 52578.072295 17.823 0.021
-47.681235 -0.966754 52929.101689 19.598 0.031 52929.103355 18.317 0.007 52929.100022 17.978 0.007 52929.100855 17.852 0.008 52929.102522 17.81 0.02
-47.681235 -0.966754 52934.081845 19.587 0.032 52934.083511 18.344 0.007 52934.080178 18.002 0.007 52934.081011 17.87 0.008 52934.082678 17.801 0.019
-47.681235 -0.966754 52936.077771 18.962 0.021 52936.079437 17.706 0.006 52936.076104 17.569 0.006 52936.076937 17.55 0.007 52936.078604 17.555 0.017
-47.681235 -0.966754 53243.262984 19.498 0.054 53243.26465 18.333 0.011 53243.261317 17.997 0.009 53243.26215 17.846 0.009 53243.263817 17.935 0.046
-47.681235 -0.966754 53270.141979 19.341 0.036 53270.143646 18.054 0.014 53270.140313 17.754 0.011 53270.141146 17.672 0.014 53270.142813 17.644 0.023
-47.681235 -0.966754 53272.191783 18.549 0.028 53272.193449 17.283 0.006 53272.190116 17.299 0.006 53272.190949 17.329 0.007 53272.192616 17.374 0.017
-47.681235 -0.966754 53288.118987 19.246 0.029 53288.120653 18.021 0.006 53288.11732 17.933 0.007 53288.118153 17.833 0.008 53288.11982 17.794 0.021
-47.681235 -0.966754 53302.114656 19.311 0.042 53302.116322 18.055 0.009 53302.112989 17.785 0.007 53302.113822 17.686 0.008 53302.115489 17.651 0.018
-47.681235 -0.966754 53312.070212 19.43 0.032 53312.071879 18.123 0.009 53312.068545 17.842 0.007 53312.069379 17.734 0.011 53312.071045 17.744 0.026
-47.681235 -0.966754 53314.071383 18.508 0.017 53314.073049 17.229 0.005 53314.069716 17.267 0.005 53314.070549 17.321 0.006 53314.072216 17.347 0.015
-47.681235 -0.966754 53623.165966 19.681 0.038 53623.167632 18.467 0.009 53623.164299 18.145 0.008 53623.165132 18.034 0.009 53623.166799 18.006 0.021
-47.681235 -0.966754 53626.152178 19.223 0.037 53626.153844 17.957 0.008 53626.150511 17.733 0.007 53626.151344 17.675 0.008 53626.153011 17.609 0.017
-47.681235 -0.966754 53628.137043 19.64 0.083 53628.138709 18.446 0.015 53628.135376 18.141 0.011 53628.136209 18.024 0.012 53628.137876 17.978 0.028
-47.681235 -0.966754 53637.138656 19.057 0.032 53637.140322 17.807 0.006 53637.136989 17.65 0.006 53637.137822 17.587 0.007 53637.139489 17.562 0.021
-47.681235 -0.966754 53644.131102 19.611 0.032 53644.132768 18.421 0.013 53644.129435 18.143 0.011 53644.130268 18.015 0.012 53644.131935 17.974 0.026
-47.681235 -0.966754 53649.125728 -99.99 0.103 53649.127394 -99.99 0.024 53649.124061 -99.99 0.021 53649.124894 -99.99 0.132 53649.126561 -99.99 0.119
-47.681235 -0.966754 53654.165728 18.804 0.025 53654.167394 17.537 0.006 53654.164061 17.47 0.006 53654.164894 17.466 0.007 53654.166561 17.482 0.017
-47.681235 -0.966754 53656.113317 19.471 0.074 53656.114983 18.338 0.014 53656.11165 18.001 0.01 53656.112483 17.872 0.011 53656.11415 17.831 0.028
-47.681235 -0.966754 53665.104596 18.75 0.053 53665.106262 17.67 0.01 53665.102929 17.633 0.014 53665.103762 17.591 0.022 53665.105429 17.646 0.048
-47.681235 -0.966754 53668.116229 19.386 0.038 53668.117895 18.201 0.007 53668.114562 17.881 0.007 53668.115395 17.777 0.009 53668.117062 17.74 0.028
-47.681235 -0.966754 53670.121082 18.616 0.02 53670.122748 17.337 0.005 53670.119415 17.329 0.005 53670.120248 17.373 0.007 53670.121915 17.398 0.018
-47.681235 -0.966754 53673.089063 19.396 0.032 53673.090729 18.224 0.007 53673.087396 17.907 0.007 53673.088229 17.803 0.008 53673.089896 17.762 0.021
-47.681235 -0.966754 53675.085952 18.65 0.019 53675.087618 17.363 0.005 53675.084285 17.362 0.005 53675.085118 17.406 0.007 53675.086785 17.412 0.017
-47.681235 -0.966754 53677.106985 19.497 0.034 53677.108651 18.331 0.008 53677.105318 18.03 0.007 53677.106151 17.894 0.008 53677.107818 17.885 0.02
-47.681235 -0.966754 53680.09365 18.887 0.022 53680.095316 17.657 0.006 53680.091983 17.541 0.006 53680.092816 17.527 0.007 53680.094483 17.528 0.015
-47.681235 -0.966754 53693.095556 19.485 0.041 53693.097222 18.3 0.01 53693.093889 18.023 0.008 53693.094722 17.901 0.009 53693.096389 17.859 0.026
-47.681235 -0.966754 53702.091226 18.668 0.026 53702.092893 17.371 0.008 53702.08956 17.348 0.012 53702.090393 17.377 0.012 53702.09206 17.49 0.025
-47.681235 -0.966754 53703.10036 19.636 0.05 53703.102026 18.421 0.017 53703.098693 18.126 0.012 53703.099526 18.007 0.014 53703.101193 17.988 0.033
-47.681235 -0.966754 53704.078884 19.585 0.038 53704.08055 18.337 0.008 53704.077217 18.03 0.007 53704.07805 17.904 0.008 53704.079717 17.866 0.026
-47.681235 -0.966754 53974.16683 19.526 0.029 53974.168496 18.32 0.012 53974.165163 18.007 0.011 53974.165996 17.894 0.01 53974.167663 17.835 0.021
-47.681235 -0.966754 53989.156262 19.088 0.03 53989.157928 17.927 0.013 53989.154595 17.832 0.016 53989.155428 17.773 0.012 53989.157095 17.728 0.021
-47.681235 -0.966754 53995.164173 19.622 0.029 53995.16584 18.427 0.012 53995.162507 18.122 0.007 53995.16334 17.999 0.011 53995.165007 17.974 0.019
-47.681235 -0.966754 53997.142548 19.401 0.037 53997.144215 18.192 0.024 53997.140881 17.873 0.008 53997.141715 17.761 0.016 53997.143381 17.793 0.023
-47.681235 -0.966754 54005.114405 19.619 0.031 54005.116072 18.431 0.011 54005.112739 18.141 0.008 54005.113572 18.028 0.009 54005.115239 17.987 0.02
-47.681235 -0.966754 54007.127149 19.546 0.033 54007.128816 18.358 0.012 54007.125482 17.985 0.008 54007.126316 17.876 0.01 54007.127982 17.848 0.022
-47.681235 -0.966754 54009.124276 19.036 0.029 54009.125942 17.746 0.011 54009.122609 17.562 0.009 54009.123442 17.556 0.014 54009.125109 17.588 0.019
-47.681235 -0.966754 54011.188774 19.635 0.058 54011.19044 18.343 0.016 54011.187107 18.092 0.012 54011.18794 18.032 0.013 54011.189607 17.932 0.022
-47.681235 -0.966754 54019.138968 19.227 0.032 54019.140634 18.057 0.011 54019.137301 17.778 0.011 54019.138134 17.686 0.012 54019.139801 17.669 0.021
-47.681235 -0.966754 54025.187775 19.258 0.028 54025.189442 18.013 0.011 54025.186109 17.773 0.007 54025.186942 17.681 0.012 54025.188609 17.674 0.02
-47.681235 -0.966754 54029.118108 19.365 0.028 54029.119775 18.245 0.014 54029.116442 17.899 0.01 54029.117275 17.789 0.014 54029.118942 17.752 0.021
-47.681235 -0.966754 54051.094698 19.226 0.093 54051.096365 18.031 0.025 54051.093032 -99.99 0.02 54051.093865 17.702 0.021 54051.095532 -99.99 0.058
-47.681235 -0.966754 54356.196286 19.478 0.032 54356.197953 18.281 0.009 54356.194619 18.075 0.011 54356.195453 17.955 0.011 54356.197119 17.904 0.025
-47.681235 -0.966754 54358.141329 19.374 0.033 54358.142996 18.222 0.01 54358.139662 17.928 0.01 54358.140496 17.786 0.011 54358.142162 17.744 0.022
-47.681235 -0.966754 54373.173426 19.566 0.051 54373.175092 18.331 0.015 54373.171759 18.01 0.015 54373.172592 17.879 0.013 54373.174259 17.85 0.025
-47.681235 -0.966754 54381.186129 19.12 0.03 54381.187795 17.913 0.012 54381.184462 17.67 0.021 54381.185295 17.614 0.017 54381.186962 17.605 0.025
-47.681235 -0.966754 54382.183531 18.664 0.027 54382.185197 17.364 0.015 54382.181864 17.376 0.012 54382.182697 17.395 0.012 54382.184364 17.443 0.026
-47.681235 -0.966754 54383.189271 19.642 0.038 54383.190938 18.422 0.016 54383.187604 18.139 0.008 54383.188438 18.044 0.017 54383.190104 18.029 0.025
-47.681235 -0.966754 54386.18628 19.293 0.026 54386.187946 18.059 0.013 54386.184613 17.798 0.008 54386.185446 17.7 0.014 54386.187113 17.685 0.019
-47.681235 -0.966754 54388.190553 18.79 0.023 54388.192219 17.592 0.008 54388.188886 17.566 0.008 54388.189719 17.549 0.01 54388.191386 17.569 0.019
-47.681235 -0.966754 54403.104318 18.505 0.018 54403.105984 17.26 0.014 54403.102651 17.269 0.009 54403.103484 17.318 0.009 54403.105151 17.351 0.018
-47.681235 -0.966754 54406.098148 19.505 0.034 54406.099815 18.267 0.012 54406.096481 17.902 0.015 54406.097315 17.784 0.014 54406.098981 17.81 0.027
-47.681235 -0.966754 54412.10108 19.311 0.031 54412.102747 18.081 0.013 54412.099414 17.802 0.01 54412.100247 17.708 0.011 54412.101914 17.676 0.024
-47.681235 -0.966754 54415.138634 19.658 0.036 54415.140301 18.462 0.01 54415.136967 18.127 0.01 54415.137801 18.011 0.011 54415.139467 17.968 0.025
