52.601027 1.209482 51075.445565 17.756 0.011 51075.447231 16.443 0.004 51075.443898 16.127 0.004 51075.444731 15.985 0.004 51075.446398 15.904 0.007
52.601027 1.209482 51818.41519 17.782 0.012 51818.416856 16.466 0.004 51818.413523 16.086 0.004 51818.414356 15.921 0.004 51818.416023 15.855 0.006
52.601027 1.209482 52171.403306 17.788 0.012 52171.404972 16.444 0.004 52171.401639 16.111 0.004 52171.402472 15.972 0.004 52171.404139 15.855 0.006
52.601027 1.209482 52173.379571 16.459 0.007 52173.381237 15.111 0.003 52173.377904 15.227 0.004 52173.378737 15.268 0.004 52173.380404 15.45 0.006
52.601027 1.209482 52224.35971 17.712 0.012 52224.361376 16.449 0.004 52224.358043 16.115 0.004 52224.358876 15.981 0.005 52224.360543 15.91 0.007
52.601027 1.209482 52234.316224 17.653 0.011 52234.31789 16.296 0.004 52234.314557 15.967 0.004 52234.31539 15.826 0.004 52234.317057 15.742 0.006
52.601027 1.209482 52261.27958 16.396 0.007 52261.281246 15.09 0.004 52261.277913 15.115 0.004 52261.278746 15.201 0.004 52261.280413 15.231 0.005
52.601027 1.209482 52283.146956 17.797 0.012 52283.148622 16.457 0.003 52283.145289 16.096 0.003 52283.146122 15.953 0.004 52283.147789 15.839 0.007
52.601027 1.209482 52287.160079 17.326 0.01 52287.161745 15.96 0.004 52287.158412 15.72 0.004 52287.159245 15.661 0.005 52287.160912 15.616 0.007
52.601027 1.209482 52552.478768 17.837 0.012 52552.480434 16.499 0.004 52552.477101 16.192 0.004 52552.477934 16.068 0.004 52552.479601 15.963 0.007
52.601027 1.209482 52557.453127 17.778 0.012 52557.454793 16.453 0.004 52557.45146 16.105 0.004 52557.452293 15.957 0.004 52557.45396 15.889 0.007
52.601027 1.209482 52585.354458 17.471 0.01 52585.356124 16.158 0.004 52585.352791 15.862 0.004 52585.353624 15.742 0.004 52585.355291 15.681 0.006
52.601027 1.209482 52908.427696 17.712 0.012 52908.429362 16.407 0.004 52908.426029 16.048 0.004 52908.426862 15.892 0.004 52908.428529 15.784 0.006
52.601027 1.209482 52912.407135 16.996 0.01 52912.408801 15.583 0.006 52912.405468 15.476 0.006 52912.406301 15.495 0.007 52912.407968 15.443 0.008
52.601027 1.209482 52934.359603 17.842 0.012 52934.361269 16.523 0.004 52934.357936 16.188 0.004 52934.358769 16.054 0.004 52934.360436 15.965 0.007
52.601027 1.209482 52936.355529 17.162 0.009 52936.357195 15.784 0.004 52936.353862 15.599 0.004 52936.354695 15.544 0.004 52936.356362 -99.99 0.005
52.601027 1.209482 53270.419617 17.232 0.017 53270.421283 15.898 0.012 53270.41795 15.672 0.01 53270.418783 15.604 0.016 53270.42045 15.598 0.019
52.601027 1.209482 53272.469526 17.783 0.014 53272.471192 16.456 0.006 53272.467859 16.111 0.006 53272.468692 15.96 0.006 53272.470359 15.847 0.008
52.601027 1.209482 53286.438246 16.532 0.007 53286.439912 15.193 0.003 53286.436579 15.183 0.003 53286.437412 15.256 0.003 53286.439079 15.256 0.005
52.601027 1.209482 53288.396742 17.413 0.01 53288.398408 16.068 0.004 53288.395075 15.785 0.004 53288.395908 15.695 0.004 53288.397575 15.623 0.006
52.601027 1.209482 53294.444411 17.643 0.013 53294.446077 16.337 0.006 53294.442744 15.999 0.006 53294.443577 15.844 0.007 53294.445244 15.783 0.009
52.601027 1.209482 53296.391419 17.781 0.035 53296.393085 16.472 0.017 53296.389752 16.104 0.012 53296.390585 15.956 0.014 53296.392252 15.873 0.019
52.601027 1.209482 53298.441188 16.954 0.008 53298.442854 15.56 0.003 53298.439521 15.457 0.003 53298.440354 15.447 0.003 53298.442021 15.409 0.005
52.601027 1.209482 53312.347941 17.518 0.015 53312.349608 16.191 0.015 53312.346274 15.861 0.013 53312.347108 15.752 0.014 53312.348774 15.661 0.012
52.601027 1.209482 53314.349141 17.781 0.013 53314.350807 16.459 0.004 53314.347474 16.113 0.004 53314.348307 15.961 0.004 53314.349974 15.882 0.006
52.601027 1.209482 53319.336937 17.762 0.013 53319.338603 16.48 0.003 53319.33527 16.101 0.003 53319.336103 15.949 0.004 53319.33777 15.848 0.007
52.601027 1.209482 53616.453491 17.371 0.011 53616.455157 16.02 0.004 53616.451824 15.764 0.003 53616.452657 15.664 0.004 53616.454324 15.559 0.006
52.601027 1.209482 53626.42992 -99.99 0.012 53626.431586 -99.99 0.005 53626.428253 15.427 0.007 53626.429086 -99.99 0.01 53626.430753 -99.99 0.009
52.601027 1.209482 53628.414785 17.36 0.01 53628.416451 16.007 0.003 53628.413118 15.748 0.003 53628.413951 15.667 0.003 53628.415618 15.609 0.006
52.601027 1.209482 53639.46178 17.451 0.013 53639.463446 16.051 0.006 53639.460113 15.768 0.006 53639.460946 15.693 0.006 53639.462613 15.632 0.008
52.601027 1.209482 53641.460945 17.831 0.015 53641.462611 16.483 0.005 53641.459278 16.121 0.005 53641.460111 15.98 0.005 53641.461778 15.89 0.008
52.601027 1.209482 53657.419832 17.46 0.012 53657.421498 16.116 0.003 53657.418165 15.818 0.003 53657.418998 15.718 0.003 53657.420665 15.657 0.006
52.601027 1.209482 53663.404378 -99.99 0.015 53663.406044 16.133 0.004 53663.402711 15.829 0.004 53663.403544 15.718 0.004 53663.405211 15.67 0.007
52.601027 1.209482 53665.382351 -99.99 0.021 53665.384017 16.511 0.004 53665.380684 16.13 0.004 53665.381517 15.97 0.004 53665.383184 15.858 0.007
52.601027 1.209482 53666.474458 16.341 0.008 53666.476124 15.072 0.004 53666.472791 15.107 0.004 53666.473624 15.189 0.004 53666.475291 15.201 0.006
52.601027 1.209482 53668.39398 17.094 0.01 53668.395646 15.704 0.003 53668.392313 15.551 0.003 53668.393146 15.524 0.003 53668.394813 15.49 0.005
52.601027 1.209482 53669.481584 17.764 0.018 53669.48325 16.466 0.006 53669.479917 16.088 0.005 53669.48075 15.941 0.006 53669.482417 15.829 0.009
52.601027 1.209482 53670.398832 17.752 0.015 53670.400498 16.46 0.004 53670.397165 16.085 0.003 53670.397998 15.931 0.004 53670.399665 15.815 0.007
52.601027 1.209482 53673.36682 16.448 0.007 53673.368486 15.108 0.004 53673.365153 15.199 0.004 53673.365986 15.253 0.004 53673.367653 15.263 0.005
52.601027 1.209482 53675.363708 17.475 0.011 53675.365374 16.085 0.003 53675.362041 15.816 0.004 53675.362874 15.721 0.004 53675.364541 15.667 0.006
52.601027 1.209482 53676.483337 17.816 0.032 53676.485003 16.471 0.005 53676.48167 16.134 0.006 53676.482503 15.987 0.006 53676.48417 -99.99 0.012
52.601027 1.209482 53680.371405 17.176 0.012 53680.373071 15.827 0.007 53680.369738 15.607 0.008 53680.370571 15.533 0.007 53680.372238 15.53 0.009
52.601027 1.209482 53683.429951 -99.99 0.029 53683.431617 16.538 0.005 53683.428284 16.175 0.006 53683.429117 16.061 0.006 53683.430784 15.976 0.016
52.601027 1.209482 53686.370837 17.299 0.012 53686.372503 15.941 0.004 53686.36917 15.699 0.003 53686.370003 15.626 0.004 53686.37167 15.546 0.006
52.601027 1.209482 53693.373292 17.666 0.02 53693.374958 16.359 0.004 53693.371625 16.01 0.004 53693.372458 15.865 0.004 53693.374125 15.781 0.006
52.601027 1.209482 53699.394128 17.782 0.016 53699.395794 16.488 0.007 53699.392461 16.094 0.006 53699.393294 15.941 0.007 53699.394961 15.853 0.011
52.601027 1.209482 53704.356614 17.468 0.013 53704.35828 16.11 0.005 53704.354947 15.842 0.005 53704.35578 15.715 0.005 53704.357447 15.652 0.009
52.601027 1.209482 53989.452759 17.206 0.025 53989.454425 15.898 0.013 53989.451092 15.862 0.01 53989.451925 15.753 0.013 53989.453592 -99.99 0.012
52.601027 1.209482 54000.428102 17.721 0.018 54000.429769 16.438 0.017 54000.426436 16.111 0.01 54000.427269 15.972 0.013 54000.428936 15.919 0.022
52.601027 1.209482 54007.47823 16.885 0.023 54007.479897 15.516 0.014 54007.476563 15.424 0.01 54007.477397 15.427 0.014 54007.479063 15.665 0.013
52.601027 1.209482 54009.402022 17.384 0.022 54009.403689 16.075 0.012 54009.400355 15.797 0.01 54009.401189 15.677 0.011 54009.402855 15.624 0.01
52.601027 1.209482 54011.466493 17.718 0.016 54011.46816 16.463 0.011 54011.464827 16.097 0.01 54011.46566 15.988 0.011 54011.467327 15.893 0.014
52.601027 1.209482 54012.479324 16.333 0.017 54012.48099 15.092 0.022 54012.477657 15.142 0.013 54012.47849 15.21 0.013 54012.480157 15.573 0.019
52.601027 1.209482 54019.461504 17.047 0.018 54019.463171 15.706 0.013 54019.459837 15.518 0.012 54019.460671 15.523 0.012 54019.462337 15.419 0.012
52.601027 1.209482 54025.465535 17.207 0.017 54025.467201 15.851 0.022 54025.463868 15.638 0.009 54025.464701 15.587 0.012 54025.466368 15.54 0.012
52.601027 1.209482 54346.459284 17.806 0.025 54346.460951 16.515 0.011 54346.457618 16.148 0.013 54346.458451 16.003 0.016 54346.460118 15.952 0.017
52.601027 1.209482 54348.463252 17.132 0.022 54348.464919 15.792 0.013 54348.461585 15.607 0.016 54348.462419 15.563 0.012 54348.464085 15.508 0.013
52.601027 1.209482 54358.419099 17.805 0.019 54358.420765 16.482 0.019 54358.417432 16.118 0.013 54358.418265 16.005 0.016 54358.419932 15.98 0.018
52.601027 1.209482 54365.452189 16.908 0.016 54365.453855 15.544 0.019 54365.450522 15.401 0.018 54365.451355 15.434 0.014 54365.453022 15.407 0.024
52.601027 1.209482 54381.471706 17.235 0.018 54381.473372 15.911 0.02 54381.470039 15.85 0.015 54381.470872 15.737 0.021 54381.472539 15.676 0.018
52.601027 1.209482 54386.464028 17.739 0.022 54386.465695 16.449 0.014 54386.462361 16.116 0.014 54386.463195 15.977 0.012 54386.464861 15.858 0.014
52.601027 1.209482 54388.468293 16.991 0.022 54388.46996 15.628 0.019 54388.466627 15.482 0.012 54388.46746 15.471 0.016 54388.469127 15.402 0.029
52.601027 1.209482 54392.465868 17.777 0.036 54392.467534 16.508 0.017 54392.464201 16.132 0.015 54392.465034 15.996 0.013 54392.466701 15.94 0.019
52.601027 1.209482 54403.382082 17.782 0.02 54403.383749 16.498 0.016 54403.380416 16.094 0.013 54403.381249 15.956 0.012 54403.382916 15.857 0.01
52.601027 1.209482 54404.439626 -99.99 0.087 54404.441293 16.561 0.012 54404.43796 16.173 0.015 54404.438793 -99.99 0.017 54404.44046 -99.99 0.024
52.601027 1.209482 54406.375902 16.667 0.014 54406.377569 15.328 0.015 54406.374235 15.258 0.012 54406.375069 15.287 0.01 54406.376735 15.283 0.018
52.601027 1.209482 54409.380742 17.781 0.019 54409.382408 16.504 0.01 54409.379075 16.115 0.012 54409.379908 15.953 0.011 54409.381575 15.902 0.013
52.601027 1.209482 54412.401686 17.016 0.017 54412.403352 15.707 0.02 54412.400019 15.525 0.013 54412.400852 15.528 0.023 54412.402519 15.454 0.019
