-8.725743 -0.970458 51075.275682 21.665 0.16 51075.277348 20.563 0.035 51075.274015 20.225 0.03 51075.274848 20.104 0.046 51075.276515 20.044 0.166
-8.725743 -0.970458 51464.263559 21.216 0.134 51464.265225 20.528 0.037 51464.261892 20.281 0.037 51464.262725 20.177 0.047 51464.264392 20.307 0.188
-8.725743 -0.970458 52196.276246 21.29 0.119 52196.277912 20.49 0.028 52196.274579 20.215 0.029 52196.275412 20.131 0.038 52196.277079 20.081 0.143
-8.725743 -0.970458 52197.289355 21.617 0.14 52197.291021 20.552 0.027 52197.287688 20.264 0.025 52197.288521 20.145 0.032 52197.290188 19.87 0.096
-8.725743 -0.970458 52225.139493 21.15 0.088 52225.141159 20.108 0.021 52225.137826 20.025 0.023 52225.138659 19.938 0.031 52225.140326 19.882 0.103
-8.725743 -0.970458 52231.175279 20.594 0.061 52231.176945 19.432 0.014 52231.173612 19.463 0.015 52231.174445 19.522 0.021 52231.176112 19.526 0.064
-8.725743 -0.970458 52253.161452 22.485 0.491 52253.163118 20.478 0.038 52253.159785 20.22 0.033 52253.160618 20.109 0.042 52253.162285 20.274 0.176
-8.725743 -0.970458 52557.283282 21.467 0.155 52557.284948 20.453 0.03 52557.281615 20.213 0.029 52557.282448 20.001 0.039 52557.284115 19.986 0.123
-8.725743 -0.970458 52578.179364 20.539 0.059 52578.18103 19.321 0.012 52578.177697 19.377 0.015 52578.17853 19.483 0.022 52578.180197 19.376 0.069
-8.725743 -0.970458 52908.257848 21.41 0.146 52908.259514 20.363 0.027 52908.256181 20.15 0.027 52908.257014 20.03 0.036 52908.258681 19.976 0.119
-8.725743 -0.970458 52911.271633 21.575 0.15 52911.273299 20.217 0.024 52911.269966 19.95 0.023 52911.270799 19.89 0.032 52911.272466 19.798 0.103
-8.725743 -0.970458 52930.149005 20.928 0.084 52930.150671 19.701 0.016 52930.147338 19.601 0.016 52930.148171 19.591 0.022 52930.149838 19.572 0.066
-8.725743 -0.970458 52934.189747 21.538 0.177 52934.191413 20.594 0.035 52934.18808 20.226 0.03 52934.188913 20.052 0.039 52934.19058 19.871 0.116
-8.725743 -0.970458 52936.185673 21.072 0.089 52936.187339 19.984 0.021 52936.184006 19.853 0.019 52936.184839 19.774 0.029 52936.186506 19.667 0.074
-8.725743 -0.970458 52962.111194 20.651 0.068 52962.11286 19.543 0.016 52962.109527 19.59 0.019 52962.11036 19.586 0.026 52962.112027 19.501 0.082
-8.725743 -0.970458 53270.249743 21.537 0.139 53270.25141 20.281 0.029 53270.248076 20.01 0.027 53270.24891 19.864 0.036 53270.250576 20.027 0.099
-8.725743 -0.970458 53272.299679 21.061 0.18 53272.301345 -99.99 0.029 53272.298012 19.675 0.03 53272.298845 19.699 0.034 53272.300512 19.552 0.08
-8.725743 -0.970458 53286.268397 21.639 0.246 53286.270063 20.426 0.036 53286.26673 20.258 0.044 53286.267563 20.174 0.045 53286.26923 20.001 0.161
-8.725743 -0.970458 53288.226886 21.541 0.131 53288.228552 20.434 0.025 53288.225219 20.136 0.023 53288.226052 19.976 0.026 53288.227719 20.079 0.096
-8.725743 -0.970458 53294.254224 21.872 0.219 53294.255891 20.558 0.041 53294.252557 20.238 0.033 53294.253391 20.051 0.039 53294.255057 19.85 0.105
-8.725743 -0.970458 53302.222554 21.295 0.322 53302.22422 19.985 0.051 53302.220887 19.856 0.043 53302.22172 19.784 0.045 53302.223387 19.829 0.13
-8.725743 -0.970458 53312.178084 21.543 0.143 53312.179751 20.516 0.035 53312.176418 20.274 0.03 53312.177251 20.045 0.04 53312.178918 19.865 0.114
-8.725743 -0.970458 53314.179282 21.087 0.104 53314.180948 20.036 0.021 53314.177615 19.858 0.021 53314.178448 19.795 0.03 53314.180115 19.66 0.091
-8.725743 -0.970458 53616.283649 21.49 0.179 53616.285315 -99.99 0.065 53616.281982 20.327 0.04 53616.282815 -99.99 0.053 53616.284482 19.945 0.137
-8.725743 -0.970458 53623.27386 21.375 0.145 53623.275526 20.352 0.028 53623.272193 20.056 0.029 53623.273026 19.893 0.035 53623.274693 19.825 0.101
-8.725743 -0.970458 53626.260073 21.5 0.197 53626.261739 20.452 0.042 53626.258406 20.183 0.035 53626.259239 20.112 0.042 53626.260906 20.377 0.161
-8.725743 -0.970458 53628.244938 22.294 0.765 53628.246604 20.51 0.076 53628.243271 20.252 0.052 53628.244104 20.113 0.053 53628.245771 20.071 0.151
-8.725743 -0.970458 53637.246554 21.068 0.197 53637.24822 -99.99 0.027 53637.244887 19.668 0.026 53637.24572 19.679 0.038 53637.247387 19.764 0.142
-8.725743 -0.970458 53639.29193 21.433 0.124 53639.293596 20.484 0.029 53639.290263 20.229 0.027 53639.291096 20.143 0.033 53639.292763 20.242 0.12
-8.725743 -0.970458 53644.239023 20.584 0.053 53644.24069 19.316 0.019 53644.237356 19.347 0.018 53644.23819 19.464 0.024 53644.239856 19.447 0.053
-8.725743 -0.970458 53654.273623 21.332 0.139 53654.275289 20.386 0.026 53654.271956 20.171 0.025 53654.272789 20.078 0.035 53654.274456 20.147 0.141
-8.725743 -0.970458 53656.221217 21.119 0.394 53656.222883 19.565 0.046 53656.21955 19.542 0.038 53656.220383 19.518 0.044 53656.22205 19.673 0.149
-8.725743 -0.970458 53663.234527 20.611 0.12 53663.236193 19.383 0.02 53663.23286 19.484 0.019 53663.233693 19.484 0.021 53663.23536 19.538 0.067
-8.725743 -0.970458 53668.224127 21.114 0.134 53668.225793 19.845 0.021 53668.22246 19.743 0.023 53668.223293 19.742 0.035 53668.22496 19.638 0.11
-8.725743 -0.970458 53670.228979 21.73 0.166 53670.230645 20.489 0.028 53670.227312 20.227 0.026 53670.228145 20.147 0.039 53670.229812 20.295 0.142
-8.725743 -0.970458 53673.196963 21.382 0.146 53673.198629 20.218 0.025 53673.195296 19.94 0.022 53673.196129 19.862 0.03 53673.197796 19.907 0.1
-8.725743 -0.970458 53675.193852 20.417 0.069 53675.195518 19.319 0.015 53675.192185 19.43 0.022 53675.193018 19.413 0.03 53675.194685 19.593 0.103
-8.725743 -0.970458 53677.214883 21.359 0.117 53677.216549 20.483 0.026 53677.213216 20.22 0.026 53677.214049 20.088 0.033 53677.215716 19.878 0.086
-8.725743 -0.970458 53680.201549 21.182 0.118 53680.203215 19.995 0.02 53680.199882 19.775 0.021 53680.200715 19.768 0.028 53680.202382 19.658 0.078
-8.725743 -0.970458 53693.203448 21.008 0.239 53693.205114 19.835 0.035 53693.201781 19.721 0.027 53693.202614 19.677 0.032 53693.204281 19.776 0.089
-8.725743 -0.970458 53704.186773 21.624 0.169 53704.188439 20.32 0.027 53704.185106 20.014 0.026 53704.185939 19.921 0.033 53704.187606 19.924 0.11
-8.725743 -0.970458 53974.279444 21.516 0.109 53974.281111 20.489 0.024 53974.277777 20.164 0.024 53974.278611 20.103 0.028 53974.280277 20.114 0.089
-8.725743 -0.970458 53989.282875 21.56 0.31 53989.284542 20.228 0.046 53989.281208 19.949 0.031 53989.282042 19.93 0.035 53989.283708 19.872 0.094
-8.725743 -0.970458 53997.378504 -99.99 0.15 53997.380171 20.188 0.03 53997.376838 19.847 0.024 53997.377671 19.823 0.036 53997.379338 -99.99 0.095
-8.725743 -0.970458 54000.258257 21.35 0.143 54000.259924 20.461 0.033 54000.256591 20.192 0.029 54000.257424 20.019 0.042 54000.259091 20.548 0.267
-8.725743 -0.970458 54007.308407 21.81 0.219 54007.310074 20.442 0.027 54007.306741 20.194 0.028 54007.307574 20.017 0.036 54007.309241 20.135 0.13
-8.725743 -0.970458 54009.232171 -99.99 0.098 54009.233838 19.607 0.024 54009.230505 19.592 0.019 54009.231338 19.578 0.035 54009.233005 19.434 0.063
-8.725743 -0.970458 54011.29667 22.108 0.37 54011.298337 20.571 0.05 54011.295004 20.311 0.033 54011.295837 20.209 0.04 54011.297504 20.224 0.109
-8.725743 -0.970458 54019.246891 -99.99 0.538 54019.248557 20.426 0.052 54019.245224 -99.99 0.031 54019.246057 -99.99 0.043 54019.247724 20.003 0.117
-8.725743 -0.970458 54025.295688 22.176 0.398 54025.297354 20.494 0.044 54025.294021 20.207 0.07 54025.294854 19.997 0.048 54025.296521 20.136 0.185
-8.725743 -0.970458 54029.226006 21.493 0.138 54029.227673 20.482 0.036 54029.224339 20.276 0.035 54029.225173 20.186 0.037 54029.226839 20.076 0.121
-8.725743 -0.970458 54348.293422 21.355 0.144 54348.295089 20.313 0.033 54348.291755 20.095 0.027 54348.292589 19.933 0.037 54348.294255 19.895 0.113
-8.725743 -0.970458 54358.249221 21.467 0.164 54358.250887 20.476 0.036 54358.247554 20.179 0.027 54358.248387 20.138 0.046 54358.250054 20.182 0.154
-8.725743 -0.970458 54365.28237 21.874 0.309 54365.284037 20.552 0.057 54365.280704 20.183 0.035 54365.281537 20.037 0.045 54365.283204 20.067 0.159
-8.725743 -0.970458 54373.35651 22.254 1.114 54373.358177 -99.99 0.093 54373.354843 20.161 0.056 54373.355677 20.121 0.055 54373.357343 20.161 0.184
-8.725743 -0.970458 54381.301877 21.101 0.105 54381.303544 19.948 0.026 54381.300211 19.779 0.023 54381.301044 19.763 0.029 54381.302711 19.606 0.087
-8.725743 -0.970458 54386.294177 21.317 0.129 54386.295843 20.301 0.028 54386.29251 20.036 0.023 54386.293343 19.926 0.029 54386.29501 19.959 0.097
-8.725743 -0.970458 54388.298434 20.837 0.088 54388.300101 19.629 0.02 54388.296768 19.526 0.019 54388.297601 19.588 0.025 54388.299268 19.597 0.074
-8.725743 -0.970458 54403.212232 21.994 0.361 54403.213899 20.448 0.049 54403.210566 20.238 0.033 54403.211399 20.034 0.037 54403.213066 19.857 0.104
-8.725743 -0.970458 54405.267765 21.174 0.148 54405.269432 20.217 0.032 54405.266098 19.959 0.024 54405.266932 19.901 0.033 54405.268598 19.54 0.081
-8.725743 -0.970458 54406.206047 20.52 0.063 54406.207713 19.498 0.024 54406.20438 19.475 0.022 54406.205213 19.511 0.023 54406.20688 19.442 0.081
-8.725743 -0.970458 54412.209035 20.756 0.07 54412.210702 19.673 0.03 54412.207368 19.601 0.016 54412.208202 19.647 0.026 54412.209868 19.625 0.069
