-7.234177 1.060811 51081.263491 18.347 0.019 51081.265157 17.102 0.004 51081.261824 16.928 0.004 51081.262657 16.924 0.005 51081.264324 16.831 0.012
-7.234177 1.060811 52196.280319 17.307 0.01 52196.281985 16.126 0.004 52196.278652 16.289 0.004 52196.279485 16.394 0.005 52196.281152 16.442 0.009
-7.234177 1.060811 52197.293451 17.303 0.01 52197.295117 16.137 0.004 52197.291784 16.26 0.004 52197.292617 16.396 0.005 52197.294284 16.442 0.009
-7.234177 1.060811 52225.143627 18.624 0.018 52225.145293 17.524 0.005 52225.14196 17.277 0.005 52225.142793 17.179 0.006 52225.14446 17.177 0.013
-7.234177 1.060811 52231.179409 17.382 0.01 52231.181075 16.139 0.004 52231.177742 16.256 0.004 52231.178575 16.386 0.005 52231.180242 16.429 0.008
-7.234177 1.060811 52253.165583 17.896 0.015 52253.167249 16.609 0.004 52253.163916 16.597 0.005 52253.164749 16.637 0.005 52253.166416 16.654 0.011
-7.234177 1.060811 52557.287414 18.551 0.019 52557.28908 17.429 0.005 52557.285747 17.161 0.005 52557.28658 17.054 0.005 52557.288247 17.012 0.012
-7.234177 1.060811 52578.183495 18.483 0.017 52578.185161 17.281 0.005 52578.181828 17.08 0.005 52578.182661 16.988 0.006 52578.184328 16.935 0.011
-7.234177 1.060811 52908.26198 18.616 0.02 52908.263646 17.476 0.005 52908.260313 17.27 0.005 52908.261146 17.188 0.006 52908.262813 17.168 0.014
-7.234177 1.060811 52911.275765 -99.99 0.02 52911.277431 17.553 0.005 52911.274098 17.335 0.005 52911.274931 17.234 0.006 52911.276598 17.199 0.014
-7.234177 1.060811 52934.19388 18.732 0.02 52934.195546 17.53 0.005 52934.192213 17.328 0.005 52934.193046 17.218 0.006 52934.194713 17.227 0.014
-7.234177 1.060811 52936.189805 18.75 0.019 52936.191471 17.511 0.005 52936.188138 17.311 0.005 52936.188971 17.216 0.006 52936.190638 17.196 0.012
-7.234177 1.060811 52962.115327 18.65 0.02 52962.116993 17.494 0.005 52962.11366 17.317 0.005 52962.114493 17.261 0.006 52962.11616 17.208 0.013
-7.234177 1.060811 53270.253876 18.196 0.029 53270.255542 17.088 0.016 53270.252209 16.932 0.024 53270.253042 16.863 0.017 53270.254709 16.819 0.018
-7.234177 1.060811 53272.303812 18.5 0.022 53272.305478 -99.99 0.005 53272.302145 17.095 0.005 53272.302978 17.012 0.006 53272.304645 -99.99 0.011
-7.234177 1.060811 53286.272529 18.514 0.023 53286.274195 17.38 0.005 53286.270862 17.118 0.005 53286.271695 17.025 0.006 53286.273362 16.984 0.013
-7.234177 1.060811 53288.23102 18.409 0.017 53288.232686 17.26 0.005 53288.229353 17.021 0.005 53288.230186 16.951 0.005 53288.231853 16.904 0.01
-7.234177 1.060811 53294.258354 18.594 0.023 53294.260021 -99.99 0.015 53294.256688 17.156 0.017 53294.257521 17.06 0.011 53294.259188 16.987 0.021
-7.234177 1.060811 53302.226687 18.586 0.031 53302.228353 17.425 0.006 53302.22502 17.169 0.006 53302.225853 17.049 0.006 53302.22752 16.994 0.013
-7.234177 1.060811 53312.18222 18.605 0.021 53312.183887 17.389 0.012 53312.180553 17.101 0.012 53312.181387 17.014 0.021 53312.183053 16.926 0.015
-7.234177 1.060811 53314.183416 18.579 0.019 53314.185082 17.399 0.005 53314.181749 17.136 0.005 53314.182582 17.017 0.005 53314.184249 16.959 0.012
-7.234177 1.060811 53616.287783 -99.99 0.025 53616.289449 17.486 0.005 53616.286116 17.225 0.005 53616.286949 17.151 0.006 53616.288616 17.137 0.015
-7.234177 1.060811 53623.277995 18.63 0.021 53623.279661 17.482 0.005 53623.276328 17.263 0.005 53623.277161 17.153 0.006 53623.278828 17.095 0.013
-7.234177 1.060811 53626.264206 18.671 0.023 53626.265872 17.517 0.006 53626.262539 17.251 0.005 53626.263372 17.159 0.006 53626.265039 17.103 0.013
-7.234177 1.060811 53628.249071 18.642 0.035 53628.250737 17.477 0.007 53628.247404 17.251 0.006 53628.248237 17.132 0.006 53628.249904 17.114 0.014
-7.234177 1.060811 53637.250687 18.705 0.029 53637.252353 17.509 0.005 53637.24902 17.215 0.005 53637.249853 17.192 0.006 53637.25152 17.096 0.017
-7.234177 1.060811 53639.296052 18.653 0.02 53639.297718 17.433 0.005 53639.294385 17.275 0.005 53639.295218 17.166 0.006 53639.296885 17.13 0.012
-7.234177 1.060811 53644.24316 18.68 0.029 53644.244826 17.499 0.017 53644.241493 17.273 0.013 53644.242326 17.194 0.015 53644.243993 17.162 0.021
-7.234177 1.060811 53654.277756 17.425 0.011 53654.279422 16.215 0.004 53654.276089 16.407 0.004 53654.276922 16.477 0.005 53654.278589 16.516 0.009
-7.234177 1.060811 53656.225351 18.821 0.053 53656.227017 -99.99 0.008 53656.223684 17.315 0.007 53656.224517 17.22 0.008 53656.226184 -99.99 0.02
-7.234177 1.060811 53663.238659 17.68 0.014 53663.240325 16.532 0.005 53663.236992 16.662 0.005 53663.237825 16.676 0.005 53663.239492 16.648 0.01
-7.234177 1.060811 53665.216628 18.508 0.166 53665.218294 -99.99 0.055 53665.214961 -99.99 0.051 53665.215794 17.07 0.036 53665.217461 -99.99 0.162
-7.234177 1.060811 53668.228261 17.518 0.012 53668.229927 16.276 0.003 53668.226594 16.471 0.004 53668.227427 16.553 0.004 53668.229094 16.537 0.01
-7.234177 1.060811 53670.233112 17.295 0.01 53670.234778 16.09 0.004 53670.231445 16.271 0.004 53670.232278 16.381 0.004 53670.233945 16.42 0.008
-7.234177 1.060811 53673.201096 17.866 0.013 53673.202762 16.693 0.004 53673.199429 16.789 0.004 53673.200262 16.817 0.005 53673.201929 16.77 0.01
-7.234177 1.060811 53675.197985 17.713 0.012 53675.199651 16.493 0.003 53675.196318 16.674 0.004 53675.197151 16.668 0.005 53675.198818 16.676 0.011
-7.234177 1.060811 53677.219016 17.268 0.01 53677.220682 16.124 0.004 53677.217349 16.27 0.004 53677.218182 16.386 0.005 53677.219849 16.436 0.008
-7.234177 1.060811 53680.205681 17.313 0.01 53680.207347 16.086 0.003 53680.204014 16.262 0.004 53680.204847 16.369 0.004 53680.206514 16.411 0.008
-7.234177 1.060811 53693.207579 17.726 0.016 53693.209245 16.444 0.004 53693.205912 16.509 0.004 53693.206745 16.568 0.005 53693.208412 16.566 0.009
-7.234177 1.060811 53704.190905 17.857 0.014 53704.192571 16.631 0.004 53704.189238 16.62 0.004 53704.190071 16.649 0.005 53704.191738 16.644 0.01
-7.234177 1.060811 53974.283624 17.995 0.017 53974.28529 16.771 0.017 53974.281957 16.704 0.016 53974.28279 16.727 0.015 53974.284457 16.725 0.017
-7.234177 1.060811 53989.286981 18.346 0.028 53989.288648 17.108 0.018 53989.285314 16.898 0.013 53989.286148 16.878 0.014 53989.287814 16.806 0.014
-7.234177 1.060811 53997.382622 18.572 0.03 53997.384289 17.466 0.017 53997.380955 17.243 0.014 53997.381789 -99.99 0.027 53997.383455 -99.99 0.019
-7.234177 1.060811 54000.262385 18.335 0.026 54000.264051 17.088 0.022 54000.260718 16.983 0.014 54000.261551 16.876 0.017 54000.263218 16.852 0.016
-7.234177 1.060811 54007.312521 18.504 0.019 54007.314187 17.411 0.015 54007.310854 17.151 0.013 54007.311687 17.042 0.009 54007.313354 16.977 0.014
-7.234177 1.060811 54009.236299 18.361 0.019 54009.237966 17.165 0.019 54009.234632 16.967 0.015 54009.235466 16.905 0.019 54009.237132 16.849 0.015
-7.234177 1.060811 54011.300801 18.61 0.034 54011.302467 17.417 0.014 54011.299134 17.14 0.009 54011.299967 17.047 0.011 54011.301634 16.976 0.021
-7.234177 1.060811 54019.251063 18.471 0.028 54019.25273 17.353 0.013 54019.249396 17.087 0.016 54019.25023 17.011 0.012 54019.251896 16.948 0.019
-7.234177 1.060811 54025.299827 18.685 0.034 54025.301493 17.535 0.018 54025.29816 17.234 0.015 54025.298993 17.122 0.009 54025.30066 17.059 0.024
-7.234177 1.060811 54029.230242 18.483 0.025 54029.231909 17.381 0.012 54029.228575 17.157 0.021 54029.229409 17.03 0.014 54029.231075 16.963 0.013
-7.234177 1.060811 54348.297529 18.539 0.034 54348.299195 17.469 0.017 54348.295862 17.252 0.021 54348.296695 17.15 0.015 54348.298362 17.115 0.021
-7.234177 1.060811 54358.253508 18.632 0.033 54358.255175 17.494 0.016 54358.251842 17.252 0.017 54358.252675 17.169 0.012 54358.254342 17.119 0.021
-7.234177 1.060811 54365.286497 18.717 0.056 54365.288164 17.563 0.023 54365.28483 17.32 0.017 54365.285664 17.252 0.035 54365.28733 -99.99 0.092
-7.234177 1.060811 54373.360719 -99.99 0.029 54373.362385 16.388 0.037 54373.359052 16.454 0.01 54373.359885 16.514 0.009 54373.361552 16.613 0.017
-7.234177 1.060811 54381.306002 17.297 0.014 54381.307668 16.14 0.02 54381.304335 16.264 0.015 54381.305168 16.37 0.02 54381.306835 16.383 0.013
-7.234177 1.060811 54386.298409 17.255 0.02 54386.300076 16.202 0.018 54386.296743 16.299 0.013 54386.297576 16.447 0.017 54386.299243 16.431 0.016
-7.234177 1.060811 54388.302586 17.452 0.026 54388.304253 16.301 0.017 54388.300919 16.378 0.013 54388.301753 16.488 0.018 54388.303419 16.523 0.016
-7.234177 1.060811 54403.216352 17.329 0.015 54403.218018 16.153 0.014 54403.214685 16.304 0.013 54403.215518 16.431 0.019 54403.217185 16.46 0.014
-7.234177 1.060811 54404.273925 17.74 0.013 54404.275592 16.515 0.011 54404.272258 16.533 0.014 54404.273092 16.616 0.016 54404.274758 16.623 0.016
-7.234177 1.060811 54405.271908 -99.99 0.029 54405.273574 16.536 0.012 54405.270241 16.509 0.016 54405.271074 16.592 0.015 54405.272741 16.598 0.014
-7.234177 1.060811 54406.210278 17.245 0.042 54406.211944 16.171 0.024 54406.208611 16.307 0.018 54406.209444 16.411 0.02 54406.211111 16.425 0.022
-7.234177 1.060811 54412.213119 17.372 0.037 54412.214785 -99.99 0.022 54412.211452 16.339 0.017 54412.212285 -99.99 0.014 54412.213952 -99.99 0.023
