-15.652508 -0.812689 51467.335343 18.294 0.024 51467.337009 17.053 0.004 51467.333676 16.71 0.004 51467.334509 16.576 0.005 51467.336176 16.564 0.011
-15.652508 -0.812689 51819.311361 18.262 0.019 51819.313027 17.019 0.005 51819.309694 16.715 0.005 51819.310527 16.589 0.005 51819.312194 16.557 0.009
-15.652508 -0.812689 52558.276628 18.32 0.017 52558.278294 17.026 0.004 52558.274961 16.72 0.005 52558.275794 16.575 0.005 52558.277461 16.538 0.009
-15.652508 -0.812689 52577.164125 18.313 0.018 52577.165791 17.027 0.004 52577.162458 16.727 0.004 52577.163291 16.576 0.004 52577.164958 16.529 0.01
-15.652508 -0.812689 52586.167602 18.314 0.016 52586.169268 16.998 0.004 52586.165935 16.688 0.004 52586.166768 16.537 0.004 52586.168435 16.473 0.009
-15.652508 -0.812689 52931.178286 18.052 0.014 52931.179952 16.797 0.004 52931.176619 16.571 0.005 52931.177452 16.472 0.005 52931.179119 16.461 0.008
-15.652508 -0.812689 52935.175249 18.049 0.015 52935.176915 16.732 0.004 52935.173582 16.516 0.005 52935.174415 16.426 0.005 52935.176082 16.399 0.008
-15.652508 -0.812689 52963.098319 17.979 0.014 52963.099985 16.717 0.004 52963.096652 16.511 0.005 52963.097485 16.417 0.005 52963.099152 16.409 0.008
-15.652508 -0.812689 53313.16845 18.019 0.016 53313.170116 16.707 0.004 53313.166783 16.511 0.004 53313.167616 16.427 0.004 53313.169283 16.4 0.009
-15.652508 -0.812689 53622.277691 18.151 0.02 53622.279357 16.87 0.004 53622.276024 16.588 0.004 53622.276857 16.464 0.004 53622.278524 16.439 0.01
-15.652508 -0.812689 53634.227161 18.306 0.046 53634.228827 16.97 0.006 53634.225494 16.687 0.005 53634.226327 16.549 0.005 53634.227994 -99.99 0.012
-15.652508 -0.812689 53636.232695 18.263 0.024 53636.234361 16.999 0.005 53636.231028 16.698 0.005 53636.231861 16.545 0.005 53636.233528 16.576 0.01
-15.652508 -0.812689 53638.268496 18.166 0.017 53638.270162 16.915 0.005 53638.266829 16.648 0.005 53638.267662 16.53 0.005 53638.269329 16.507 0.009
-15.652508 -0.812689 53655.204701 18.254 0.028 53655.206367 16.938 0.005 53655.203034 16.694 0.004 53655.203867 16.551 0.004 53655.205534 16.513 0.01
-15.652508 -0.812689 53664.229658 18.338 0.026 53664.231324 17.037 0.005 53664.227991 16.747 0.005 53664.228824 16.613 0.005 53664.230491 16.53 0.01
-15.652508 -0.812689 53666.193261 18.323 0.017 53666.194927 17.046 0.005 53666.191594 16.726 0.005 53666.192427 16.594 0.005 53666.194094 16.565 0.009
-15.652508 -0.812689 53669.1889 18.197 0.016 53669.190566 16.881 0.004 53669.187233 16.602 0.005 53669.188066 16.467 0.005 53669.189733 16.431 0.008
-15.652508 -0.812689 53671.273682 18.31 0.024 53671.275348 17.035 0.004 53671.272015 16.708 0.004 53671.272848 16.546 0.004 53671.274515 16.488 0.01
-15.652508 -0.812689 53674.173134 17.912 0.015 53674.1748 16.653 0.004 53674.171467 16.467 0.004 53674.1723 16.386 0.004 53674.173967 16.383 0.008
-15.652508 -0.812689 53676.262624 18.095 0.017 53676.26429 16.797 0.004 53676.260957 16.534 0.005 53676.26179 16.407 0.005 53676.263457 16.4 0.008
-15.652508 -0.812689 53679.23451 18.3 0.023 53679.236176 17.014 0.004 53679.232843 16.72 0.004 53679.233676 16.585 0.004 53679.235343 16.546 0.009
-15.652508 -0.812689 53681.226022 18.204 0.03 53681.227688 16.937 0.005 53681.224355 16.689 0.007 53681.225188 16.593 0.009 53681.226855 16.563 0.012
-15.652508 -0.812689 53685.185071 17.996 0.04 53685.186737 -99.99 0.008 53685.183404 16.517 0.009 53685.184237 16.398 0.011 53685.185904 16.414 0.018
-15.652508 -0.812689 53687.223413 17.94 0.029 53687.225079 16.677 0.005 53687.221746 16.475 0.005 53687.222579 16.378 0.005 53687.224246 16.368 0.008
-15.652508 -0.812689 53694.198954 -99.99 0.043 53694.20062 17.051 0.006 53694.197287 16.73 0.005 53694.19812 16.585 0.005 53694.199787 -99.99 0.015
-15.652508 -0.812689 53697.183046 18.22 0.024 53697.184712 16.959 0.005 53697.181379 16.633 0.005 53697.182212 16.507 0.005 53697.183879 16.465 0.011
-15.652508 -0.812689 53700.182005 17.978 0.016 53700.183671 16.654 0.004 53700.180338 16.473 0.004 53700.181171 16.392 0.004 53700.182838 16.374 0.008
-15.652508 -0.812689 53705.168675 18.266 0.02 53705.170341 17.005 0.004 53705.167008 16.708 0.004 53705.167841 16.536 0.004 53705.169508 16.534 0.009
-15.652508 -0.812689 53975.253736 18.244 0.02 53975.255402 16.983 0.021 53975.252069 16.669 0.012 53975.252902 16.561 0.015 53975.254569 16.528 0.015
-15.652508 -0.812689 53993.321502 18.342 0.023 53993.323168 17.061 0.017 53993.319835 16.718 0.012 53993.320668 16.573 0.012 53993.322335 16.535 0.016
-15.652508 -0.812689 53996.260403 17.966 0.025 53996.26207 16.668 0.014 53996.258737 16.444 0.014 53996.25957 16.364 0.015 53996.261237 16.319 0.018
-15.652508 -0.812689 53998.229037 18.003 0.022 53998.230704 16.689 0.023 53998.22737 16.462 0.016 53998.228204 16.362 0.013 53998.22987 16.349 0.018
-15.652508 -0.812689 54005.259272 17.991 0.029 54005.260938 16.689 0.016 54005.257605 16.47 0.012 54005.258438 16.4 0.015 54005.260105 16.377 0.017
-15.652508 -0.812689 54010.21451 18.374 0.028 54010.216177 17.062 0.02 54010.212844 16.706 0.013 54010.213677 16.589 0.013 54010.215344 16.518 0.014
-15.652508 -0.812689 54012.207373 18.317 0.027 54012.20904 17.023 0.01 54012.205707 16.708 0.015 54012.20654 16.587 0.014 54012.208207 16.528 0.016
-15.652508 -0.812689 54020.213361 17.986 0.016 54020.215028 16.71 0.014 54020.211694 16.529 0.01 54020.212528 16.396 0.008 54020.214194 16.408 0.018
-15.652508 -0.812689 54022.262633 -99.99 0.02 54022.2643 16.74 0.019 54022.260967 16.533 0.014 54022.2618 16.421 0.017 54022.263467 16.437 0.015
-15.652508 -0.812689 54028.203711 18.162 0.023 54028.205378 16.861 0.024 54028.202044 16.591 0.013 54028.202878 16.457 0.013 54028.204544 16.447 0.014
-15.652508 -0.812689 54030.206885 18.215 0.021 54030.208552 16.911 0.015 54030.205219 16.592 0.016 54030.206052 16.458 0.015 54030.207719 16.425 0.014
-15.652508 -0.812689 54035.28268 18.037 0.028 54035.284347 16.779 0.015 54035.281013 16.509 0.013 54035.281847 16.431 0.014 54035.283513 16.404 0.012
-15.652508 -0.812689 54037.18813 18.055 0.022 54037.189797 16.77 0.011 54037.186463 16.519 0.01 54037.187297 16.427 0.012 54037.188963 16.425 0.015
-15.652508 -0.812689 54040.202677 18.271 0.025 54040.204344 17.012 0.018 54040.20101 16.683 0.01 54040.201844 16.541 0.012 54040.20351 16.515 0.017
-15.652508 -0.812689 54049.2291 18.31 0.033 54049.230767 16.976 0.015 54049.227434 16.645 0.011 54049.228267 16.532 0.015 54049.229934 16.504 0.02
-15.652508 -0.812689 54053.193456 18.328 0.019 54053.195122 17.024 0.018 54053.191789 16.689 0.015 54053.192622 16.556 0.013 54053.194289 16.484 0.017
-15.652508 -0.812689 54056.195091 18.154 0.024 54056.196758 16.8 0.019 54056.193424 16.524 0.015 54056.194258 16.424 0.016 54056.195924 16.389 0.024
-15.652508 -0.812689 54059.189353 18.199 0.023 54059.191019 16.962 0.023 54059.187686 16.677 0.015 54059.188519 16.523 0.016 54059.190186 16.53 0.018
-15.652508 -0.812689 54061.200466 18.08 0.02 54061.202133 16.828 0.019 54061.1988 16.539 0.012 54061.199633 16.449 0.014 54061.2013 16.448 0.021
-15.652508 -0.812689 54062.194282 18.288 0.029 54062.195949 16.993 0.042 54062.192616 16.655 0.015 54062.193449 16.498 0.028 54062.195116 16.448 0.017
-15.652508 -0.812689 54357.232576 17.976 0.018 54357.234243 16.731 0.021 54357.23091 16.528 0.02 54357.231743 16.386 0.019 54357.23341 16.382 0.019
-15.652508 -0.812689 54362.282353 18.243 0.023 54362.284019 17.005 0.022 54362.280686 16.679 0.011 54362.281519 16.568 0.018 54362.283186 16.528 0.02
-15.652508 -0.812689 54376.291035 18.133 0.02 54376.292702 -99.99 0.015 54376.289369 16.545 0.012 54376.290202 16.441 0.017 54376.291869 16.394 0.017
-15.652508 -0.812689 54385.280375 17.984 0.03 54385.282042 16.664 0.019 54385.278709 16.449 0.015 54385.279542 16.371 0.017 54385.281209 16.354 0.014
-15.652508 -0.812689 54387.280879 18.052 0.025 54387.282546 16.749 0.016 54387.279212 16.497 0.02 54387.280046 16.378 0.012 54387.281712 16.364 0.019
-15.652508 -0.812689 54392.275643 18.198 0.023 54392.277309 16.912 0.014 54392.273976 16.68 0.015 54392.274809 16.525 0.015 54392.276476 16.497 0.018
-15.652508 -0.812689 54402.274051 18.09 0.03 54402.275718 16.85 0.011 54402.272385 16.557 0.012 54402.273218 16.447 0.015 54402.274885 16.395 0.016
