0.361418 -0.22898 51081.284541 -99.99 0.006 51081.286207 15.166 0.003 51081.282874 14.894 0.003 51081.283707 14.815 0.003 51081.285374 14.776 0.004
0.361418 -0.22898 51819.355698 16.421 0.007 51819.357364 15.225 0.004 51819.354031 14.936 0.004 51819.354864 14.874 0.004 51819.356531 14.85 0.005
0.361418 -0.22898 52558.320979 16.496 0.007 52558.322645 15.282 0.003 52558.319312 14.972 0.004 52558.320145 14.856 0.004 52558.321812 14.798 0.004
0.361418 -0.22898 52577.208479 16.461 0.006 52577.210145 15.229 0.004 52577.206812 14.934 0.004 52577.207645 14.841 0.004 52577.209312 14.811 0.005
0.361418 -0.22898 52586.211957 16.463 0.006 52586.213623 15.226 0.003 52586.21029 14.976 0.003 52586.211123 14.888 0.004 52586.21279 14.851 0.005
0.361418 -0.22898 52910.29244 15.947 0.006 52910.294106 14.735 0.004 52910.290773 14.626 0.004 52910.291606 14.62 0.005 52910.293273 14.643 0.006
0.361418 -0.22898 52931.222641 16.33 0.006 52931.224307 15.146 0.003 52931.220974 14.884 0.004 52931.221807 14.79 0.004 52931.223474 14.77 0.005
0.361418 -0.22898 52935.219604 16.306 0.006 52935.22127 15.065 0.004 52935.217937 14.879 0.004 52935.21877 14.807 0.004 52935.220437 14.812 0.005
0.361418 -0.22898 52959.162933 16.171 0.006 52959.164599 14.981 0.004 52959.161266 14.813 0.005 52959.162099 14.768 0.005 52959.163766 14.749 0.005
0.361418 -0.22898 53313.212806 15.373 0.004 53313.214472 14.096 0.002 53313.211139 14.18 0.002 53313.211972 14.284 0.003 53313.213639 14.315 0.004
0.361418 -0.22898 53622.322046 15.993 0.006 53622.323712 14.718 0.003 53622.320379 14.601 0.003 53622.321212 14.573 0.003 53622.322879 14.549 0.004
0.361418 -0.22898 53634.271516 16.464 0.008 53634.273182 15.242 0.003 53634.269849 14.961 0.003 53634.270682 14.884 0.003 53634.272349 14.832 0.004
0.361418 -0.22898 53636.277049 16.226 0.007 53636.278715 14.991 0.003 53636.275382 14.746 0.003 53636.276215 14.673 0.003 53636.277882 14.65 0.004
0.361418 -0.22898 53640.276886 -99.99 0.248 53640.278552 -99.99 0.005 53640.275219 -99.99 0.003 53640.276052 -99.99 0.004 53640.277719 -99.99 0.009
0.361418 -0.22898 53655.249056 -99.99 0.007 53655.250722 15.155 0.003 53655.247389 14.848 0.003 53655.248222 -99.99 0.003 53655.249889 14.709 0.004
0.361418 -0.22898 53664.274014 16.401 0.007 53664.27568 15.191 0.003 53664.272347 14.93 0.004 53664.27318 14.84 0.004 53664.274847 14.807 0.005
0.361418 -0.22898 53666.237617 16.042 0.006 53666.239283 14.822 0.004 53666.23595 14.637 0.004 53666.236783 14.594 0.005 53666.23845 14.589 0.005
0.361418 -0.22898 53669.233256 16.47 0.007 53669.234922 15.229 0.004 53669.231589 14.95 0.004 53669.232422 14.843 0.005 53669.234089 14.802 0.005
0.361418 -0.22898 53671.31803 16.296 0.007 53671.319696 15.023 0.003 53671.316363 14.77 0.003 53671.317196 14.703 0.003 53671.318863 14.653 0.004
0.361418 -0.22898 53674.21749 16.43 0.006 53674.219156 15.204 0.003 53674.215823 14.929 0.003 53674.216656 14.832 0.003 53674.218323 14.784 0.005
0.361418 -0.22898 53676.306972 16.244 0.007 53676.308638 15.016 0.003 53676.305305 14.764 0.004 53676.306138 14.683 0.004 53676.307805 14.658 0.005
0.361418 -0.22898 53679.278862 16.412 0.007 53679.280528 15.214 0.003 53679.277195 14.937 0.003 53679.278028 14.858 0.003 53679.279695 14.801 0.004
0.361418 -0.22898 53681.270375 16.156 0.006 53681.272041 14.912 0.004 53681.268708 14.691 0.004 53681.269541 14.628 0.004 53681.271208 14.626 0.005
0.361418 -0.22898 53685.229426 16.298 0.008 53685.231092 15.08 0.003 53685.227759 14.822 0.003 53685.228592 14.732 0.003 53685.230259 14.675 0.005
0.361418 -0.22898 53694.243304 16.461 0.01 53694.24497 15.187 0.003 53694.241637 14.935 0.003 53694.24247 14.81 0.003 53694.244137 -99.99 0.005
0.361418 -0.22898 53697.227398 15.669 0.006 53697.229064 14.443 0.004 53697.225731 14.426 0.004 53697.226564 14.462 0.004 53697.228231 14.506 0.005
0.361418 -0.22898 53700.226357 16.28 0.006 53700.228023 15.07 0.003 53700.22469 14.804 0.003 53700.225523 14.711 0.004 53700.22719 14.672 0.004
0.361418 -0.22898 53705.213026 16.255 0.006 53705.214692 15.036 0.003 53705.211359 14.772 0.003 53705.212192 14.704 0.004 53705.213859 14.658 0.004
0.361418 -0.22898 53975.298018 16.366 0.01 53975.299685 15.076 0.024 53975.296351 14.849 0.013 53975.297185 14.755 0.016 53975.298851 14.71 0.019
0.361418 -0.22898 53993.365833 15.859 0.009 53993.3675 14.714 0.015 53993.364166 14.623 0.012 53993.365 14.568 0.013 53993.366666 14.654 0.014
0.361418 -0.22898 53994.321018 16.447 0.014 53994.322685 15.219 0.026 53994.319351 14.925 0.01 53994.320185 14.844 0.016 53994.321851 14.776 0.015
0.361418 -0.22898 53996.30479 16.111 0.021 53996.306456 14.848 0.025 53996.303123 14.651 0.013 53996.303956 14.599 0.021 53996.305623 14.581 0.015
0.361418 -0.22898 53998.273452 -99.99 0.017 53998.275119 -99.99 0.018 53998.271785 -99.99 0.011 53998.272619 -99.99 0.021 53998.274285 -99.99 0.031
0.361418 -0.22898 54005.30366 16.314 0.013 54005.305327 15.089 0.023 54005.301993 14.797 0.013 54005.302827 14.726 0.013 54005.304493 14.712 0.014
0.361418 -0.22898 54010.258868 16.224 0.015 54010.260535 14.965 0.025 54010.257202 14.728 0.012 54010.258035 14.686 0.018 54010.259702 14.621 0.013
0.361418 -0.22898 54012.251793 16.026 0.008 54012.25346 14.878 0.01 54012.250127 14.723 0.015 54012.25096 14.695 0.014 54012.252627 14.687 0.017
0.361418 -0.22898 54020.257706 16.368 0.021 54020.259372 15.001 0.01 54020.256039 14.742 0.001 54020.256872 14.651 0.012 54020.258539 -99.99 0.039
0.361418 -0.22898 54024.339332 16.388 0.007 54024.340999 15.177 0.016 54024.337665 14.905 0.012 54024.338499 14.844 0.016 54024.340165 14.801 0.019
0.361418 -0.22898 54028.248076 16.422 0.016 54028.249742 15.214 0.02 54028.246409 14.924 0.021 54028.247242 14.899 0.018 54028.248909 14.81 0.018
0.361418 -0.22898 54030.251265 16.126 0.014 54030.252932 14.942 0.017 54030.249599 14.703 0.012 54030.250432 14.639 0.016 54030.252099 14.615 0.016
0.361418 -0.22898 54035.327014 16.24 0.019 54035.32868 15.039 0.02 54035.325347 14.76 0.014 54035.32618 14.732 0.015 54035.327847 14.666 0.013
0.361418 -0.22898 54037.232551 16.342 0.011 54037.234218 15.133 0.012 54037.230884 14.937 0.016 54037.231718 14.883 0.014 54037.233384 14.835 0.015
0.361418 -0.22898 54040.246964 16.112 0.016 54040.248631 14.903 0.013 54040.245298 14.694 0.013 54040.246131 14.643 0.015 54040.247798 14.605 0.01
0.361418 -0.22898 54047.277571 -99.99 0.007 54047.279238 -99.99 0.042 54047.275905 14.685 0.021 54047.276738 14.704 0.062 54047.278405 14.692 0.037
0.361418 -0.22898 54049.273515 16.367 0.015 54049.275181 15.15 0.021 54049.271848 14.886 0.01 54049.272681 14.81 0.019 54049.274348 14.757 0.016
0.361418 -0.22898 54053.23778 16.406 0.022 54053.239447 15.216 0.017 54053.236113 14.928 0.012 54053.236947 14.875 0.018 54053.238613 14.8 0.026
0.361418 -0.22898 54056.239428 15.752 0.02 54056.241095 -99.99 0.046 54056.237761 -99.99 0.016 54056.238595 14.506 0.022 54056.240261 14.515 0.043
0.361418 -0.22898 54062.23863 16.504 0.025 54062.240296 15.299 0.024 54062.236963 15.047 0.021 54062.237796 14.999 0.038 54062.239463 14.921 0.017
0.361418 -0.22898 54068.219175 16.504 0.014 54068.220841 15.253 0.012 54068.217508 14.962 0.013 54068.218341 14.871 0.01 54068.220008 14.777 0.014
0.361418 -0.22898 54357.276906 16.369 0.012 54357.278572 15.119 0.023 54357.275239 14.95 0.016 54357.276072 -99.99 0.037 54357.277739 14.856 0.017
0.361418 -0.22898 54362.326733 15.941 0.03 54362.3284 14.773 0.019 54362.325066 -99.99 0.028 54362.3259 14.644 0.018 54362.327566 -99.99 0.037
0.361418 -0.22898 54382.306965 16.35 0.021 54382.308632 15.132 0.03 54382.305298 14.948 0.017 54382.306132 14.899 0.001 54382.307798 14.829 0.019
0.361418 -0.22898 54385.324727 16.198 0.025 54385.326393 14.929 0.02 54385.32306 14.725 0.019 54385.323893 14.674 0.019 54385.32556 14.607 0.02
0.361418 -0.22898 54387.325318 16.209 0.013 54387.326985 15.027 0.013 54387.323652 14.868 0.012 54387.324485 14.787 0.013 54387.326152 14.825 0.017
0.361418 -0.22898 54392.319986 16.374 0.013 54392.321652 15.14 0.02 54392.318319 14.915 0.019 54392.319152 14.862 0.024 54392.320819 14.85 0.013
0.361418 -0.22898 54402.318465 16.388 0.009 54402.320132 15.235 0.018 54402.316799 15.021 0.017 54402.317632 14.954 0.022 54402.319299 14.894 0.023
