-15.549364 -1.025211 51075.256779 22.243 0.287 51075.258445 20.837 0.042 51075.255112 20.648 0.048 51075.255945 20.593 0.079 51075.257612 20.097 0.189
-15.549364 -1.025211 51464.244732 21.959 0.235 51464.246398 21.11 0.053 51464.243065 20.803 0.05 51464.243898 20.682 0.066 51464.245565 20.226 0.164
-15.549364 -1.025211 52197.270401 22.084 0.209 52197.272067 20.808 0.034 52197.268734 20.666 0.034 52197.269567 20.573 0.046 52197.271234 20.289 0.14
-15.549364 -1.025211 52231.15638 22.388 0.296 52231.158046 21.143 0.048 52231.154713 20.683 0.036 52231.155546 20.698 0.056 52231.157213 20.626 0.196
-15.549364 -1.025211 52253.142553 21.734 0.246 52253.144219 20.905 0.055 52253.140886 20.528 0.043 52253.141719 20.533 0.06 52253.143386 20.663 0.257
-15.549364 -1.025211 52557.264384 22.241 0.291 52557.26605 21.141 0.052 52557.262717 20.78 0.046 52557.26355 20.783 0.07 52557.265217 20.448 0.181
-15.549364 -1.025211 52578.160463 22.097 0.226 52578.162129 20.789 0.034 52578.158796 20.636 0.037 52578.159629 20.527 0.049 52578.161296 20.626 0.205
-15.549364 -1.025211 52908.238947 21.99 0.232 52908.240613 20.843 0.041 52908.23728 20.751 0.044 52908.238113 20.551 0.06 52908.23978 20.324 0.181
-15.549364 -1.025211 52929.190689 22.345 0.307 52929.192355 21.068 0.048 52929.189022 20.713 0.038 52929.189855 20.615 0.055 52929.191522 20.086 0.132
-15.549364 -1.025211 52934.170846 22.288 0.359 52934.172512 21.02 0.049 52934.169179 20.643 0.042 52934.170012 20.656 0.069 52934.171679 20.407 0.209
-15.549364 -1.025211 52936.166773 22.089 0.195 52936.168439 20.851 0.033 52936.165106 20.662 0.039 52936.165939 20.506 0.047 52936.167606 20.678 0.189
-15.549364 -1.025211 53270.230834 22.241 0.265 53270.232501 21.319 0.065 53270.229167 20.831 0.04 53270.230001 20.805 0.058 53270.231667 20.661 0.177
-15.549364 -1.025211 53272.28078 22.131 0.499 53272.282446 -99.99 0.09 53272.279113 20.904 0.095 53272.279946 20.654 0.08 53272.281613 21.178 0.332
-15.549364 -1.025211 53286.249497 21.446 0.229 53286.251163 20.797 0.049 53286.24783 20.628 0.05 53286.248663 20.514 0.061 53286.25033 20.446 0.2
-15.549364 -1.025211 53288.207985 22.485 0.315 53288.209651 21.262 0.05 53288.206318 20.926 0.045 53288.207151 20.806 0.06 53288.208818 20.533 0.154
-15.549364 -1.025211 53294.235318 22.049 0.238 53294.236985 20.842 0.044 53294.233651 20.675 0.052 53294.234485 20.47 0.065 53294.236151 20.273 0.17
-15.549364 -1.025211 53312.159261 -99.99 0.213 53312.160928 20.966 0.056 53312.157595 20.821 0.048 53312.158428 20.511 0.059 53312.160095 20.458 0.211
-15.549364 -1.025211 53314.160384 22.16 0.238 53314.16205 20.995 0.04 53314.158717 20.75 0.043 53314.15955 20.649 0.061 53314.161217 20.376 0.175
-15.549364 -1.025211 53616.26475 21.775 0.262 53616.266416 20.769 0.044 53616.263083 20.611 0.05 53616.263916 20.563 0.067 53616.265583 20.594 0.233
-15.549364 -1.025211 53623.254961 22.348 0.377 53623.256627 -99.99 0.196 53623.253294 21.122 0.08 53623.254127 -99.99 0.196 53623.255794 -99.99 0.849
-15.549364 -1.025211 53626.241174 22.306 0.452 53626.24284 20.835 0.064 53626.239507 20.645 0.065 53626.24034 20.624 0.071 53626.242007 20.499 0.178
-15.549364 -1.025211 53628.226039 22.687 1.039 53628.227705 21.262 0.129 53628.224372 20.892 0.084 53628.225205 20.812 0.096 53628.226872 20.58 0.207
-15.549364 -1.025211 53637.227654 22.618 0.758 53637.22932 21.097 0.095 53637.225987 20.715 0.077 53637.22682 -99.99 0.086 53637.228487 20.292 0.256
-15.549364 -1.025211 53644.220097 21.873 0.138 53644.221763 20.826 0.032 53644.21843 20.626 0.03 53644.219263 20.577 0.039 53644.22093 20.46 0.118
-15.549364 -1.025211 53654.254724 21.867 0.248 53654.25639 20.818 0.04 53654.253057 20.656 0.051 53654.25389 20.53 0.056 53654.255557 21.003 0.358
-15.549364 -1.025211 53656.202317 23.172 2.347 53656.203983 20.937 0.141 53656.20065 20.816 0.127 53656.201483 20.675 0.133 53656.20315 20.675 0.325
-15.549364 -1.025211 53663.215626 22.035 0.419 53663.217292 21.294 0.097 53663.213959 20.972 0.062 53663.214792 20.837 0.065 53663.216459 20.712 0.182
-15.549364 -1.025211 53668.205226 22.57 0.439 53668.206892 21.101 0.057 53668.203559 20.888 0.066 53668.204392 20.766 0.086 53668.206059 20.694 0.292
-15.549364 -1.025211 53670.210079 22.273 0.273 53670.211745 20.962 0.043 53670.208412 20.711 0.04 53670.209245 20.719 0.061 53670.210912 20.341 0.162
-15.549364 -1.025211 53673.178063 23.173 0.675 53673.179729 21.041 0.047 53673.176396 20.78 0.049 53673.177229 20.606 0.06 53673.178896 20.521 0.189
-15.549364 -1.025211 53675.174951 22.76 0.431 53675.176617 20.948 0.04 53675.173284 20.743 0.049 53675.174117 20.71 0.069 53675.175784 20.36 0.169
-15.549364 -1.025211 53677.195983 22.058 0.183 53677.197649 20.895 0.033 53677.194316 20.706 0.033 53677.195149 20.562 0.041 53677.196816 20.62 0.142
-15.549364 -1.025211 53680.182649 21.94 0.203 53680.184315 20.902 0.039 53680.180982 20.676 0.038 53680.181815 20.6 0.05 53680.183482 20.875 0.211
-15.549364 -1.025211 53693.18455 22.01 0.537 53693.186216 21.005 0.09 53693.182883 20.712 0.058 53693.183716 20.677 0.064 53693.185383 20.713 0.202
-15.549364 -1.025211 53704.167874 22.447 0.331 53704.16954 21.191 0.054 53704.166207 20.861 0.049 53704.16704 20.723 0.063 53704.168707 20.487 0.191
-15.549364 -1.025211 53989.263934 23.01 1.104 53989.2656 20.896 0.067 53989.262267 20.623 0.052 53989.2631 20.649 0.061 53989.264767 20.883 0.23
-15.549364 -1.025211 53995.253214 22.087 0.175 53995.25488 21.127 0.038 53995.251547 20.8 0.03 53995.25238 20.725 0.041 53995.254047 20.386 0.105
-15.549364 -1.025211 53997.359583 22.309 0.343 53997.36125 21.062 0.049 53997.357917 20.833 0.046 53997.35875 20.618 0.055 53997.360417 -99.99 0.209
-15.549364 -1.025211 54000.239378 22.139 0.256 54000.241044 21.1 0.047 54000.237711 20.78 0.043 54000.238544 20.766 0.059 54000.240211 21.195 0.342
-15.549364 -1.025211 54007.289484 22.041 0.228 54007.29115 20.902 0.037 54007.287817 20.614 0.034 54007.28865 20.519 0.044 54007.290317 20.351 0.133
-15.549364 -1.025211 54009.213272 22.481 0.328 54009.214939 21.257 0.055 54009.211606 20.906 0.047 54009.212439 20.827 0.054 54009.214106 20.508 0.145
-15.549364 -1.025211 54011.277749 22.767 0.751 54011.279416 21.442 0.106 54011.276083 20.964 0.059 54011.276916 20.67 0.054 54011.278583 20.968 0.223
-15.549364 -1.025211 54019.228012 22.488 0.506 54019.229679 21.237 0.077 54019.226345 21.035 0.052 54019.227179 20.793 0.053 54019.228845 20.827 0.214
-15.549364 -1.025211 54025.276767 22.368 0.379 54025.278434 20.981 0.049 54025.275101 20.742 0.048 54025.275934 20.606 0.057 54025.277601 20.301 0.157
-15.549364 -1.025211 54029.20711 22.196 0.278 54029.208777 21.352 0.047 54029.205444 20.909 0.047 54029.206277 20.794 0.061 54029.207944 20.813 0.231
-15.549364 -1.025211 54358.230319 23.025 0.758 54358.231986 21 0.05 54358.228653 20.68 0.045 54358.229486 20.587 0.062 54358.231153 20.578 0.228
-15.549364 -1.025211 54365.263395 21.967 0.268 54365.265062 20.822 0.05 54365.261729 20.614 0.043 54365.262562 20.621 0.057 54365.264229 20.559 0.196
-15.549364 -1.025211 54373.337644 99.984 99.999 54373.33931 21.049 0.148 54373.335977 20.693 0.092 54373.33681 20.741 0.112 54373.338477 20.52 0.23
-15.549364 -1.025211 54381.282997 22.113 0.298 54381.284664 21.248 0.051 54381.28133 21.004 0.055 54381.282164 20.627 0.068 54381.28383 20.221 0.154
-15.549364 -1.025211 54382.272511 22.395 0.517 54382.274178 21.295 0.075 54382.270845 21.013 0.068 54382.271678 20.868 0.099 54382.273345 20.211 0.128
-15.549364 -1.025211 54386.27527 22.499 0.32 54386.276937 21.171 0.044 54386.273603 20.773 0.037 54386.274437 20.747 0.053 54386.276103 20.204 0.11
-15.549364 -1.025211 54388.279555 22.392 0.367 54388.281221 20.89 0.043 54388.277888 20.706 0.039 54388.278721 20.61 0.051 54388.280388 20.332 0.15
-15.549364 -1.025211 54403.193471 21.66 0.283 54403.195137 21.084 0.077 54403.191804 20.714 0.055 54403.192637 20.637 0.07 54403.194304 20.406 0.165
-15.549364 -1.025211 54404.199938 22.255 0.253 54404.201604 21.168 0.054 54404.198271 20.886 0.042 54404.199104 20.688 0.052 54404.200771 20.65 0.169
-15.549364 -1.025211 54405.248855 22.569 0.407 54405.250522 21.355 0.063 54405.247188 21.129 0.06 54405.248022 20.974 0.073 54405.249688 21.063 0.285
-15.549364 -1.025211 54406.187168 21.885 0.201 54406.188835 20.867 0.041 54406.185501 20.653 0.046 54406.186335 20.51 0.059 54406.188001 20.021 0.117
-15.549364 -1.025211 54412.190187 22.372 0.291 54412.191853 21.277 0.046 54412.18852 20.911 0.041 54412.189353 20.654 0.049 54412.19102 20.53 0.149
