-19.43495 -0.674101 51467.324913 18.017 0.02 51467.326579 16.796 0.004 51467.323246 16.638 0.004 51467.324079 16.554 0.005 51467.325746 16.516 0.011
-19.43495 -0.674101 51819.300918 18.172 0.017 51819.302584 16.901 0.004 51819.299251 16.716 0.005 51819.300084 16.637 0.005 51819.301751 16.581 0.009
-19.43495 -0.674101 52172.316471 18.166 0.016 52172.318137 16.908 0.005 52172.314804 16.713 0.005 52172.315637 16.646 0.005 52172.317304 16.597 0.01
-19.43495 -0.674101 52172.366621 18.28 0.019 52172.368287 17.05 0.005 52172.364954 16.748 0.005 52172.365787 16.7 0.006 52172.367454 16.668 0.01
-19.43495 -0.674101 52558.266152 18.087 0.015 52558.267818 16.8 0.005 52558.264485 16.661 0.005 52558.265318 16.615 0.005 52558.266985 16.607 0.009
-19.43495 -0.674101 52577.153647 18.507 0.019 52577.155313 17.269 0.005 52577.15198 16.97 0.005 52577.152813 16.838 0.005 52577.15448 16.764 0.011
-19.43495 -0.674101 52586.157125 18.592 0.02 52586.158791 17.373 0.005 52586.155458 17.118 0.005 52586.156291 17.01 0.005 52586.157958 16.96 0.012
-19.43495 -0.674101 52931.167808 18.271 0.016 52931.169474 16.973 0.005 52931.166141 16.755 0.005 52931.166974 16.673 0.005 52931.168641 16.625 0.009
-19.43495 -0.674101 52935.164772 18.588 0.02 52935.166438 17.324 0.005 52935.163105 17.021 0.005 52935.163938 16.872 0.005 52935.165605 16.816 0.01
-19.43495 -0.674101 53313.157972 17.822 0.013 53313.159638 16.486 0.004 53313.156305 16.49 0.004 53313.157138 16.489 0.004 53313.158805 16.517 0.009
-19.43495 -0.674101 53622.267215 18.095 0.018 53622.268881 16.81 0.004 53622.265548 16.706 0.004 53622.266381 16.671 0.004 53622.268048 16.67 0.011
-19.43495 -0.674101 53634.216685 18.651 0.053 53634.218351 17.42 0.008 53634.215018 17.121 0.006 53634.215851 16.966 0.006 53634.217518 16.947 0.016
-19.43495 -0.674101 53636.222218 18.335 0.021 53636.223884 17.085 0.005 53636.220551 16.826 0.005 53636.221384 16.717 0.005 53636.223051 16.671 0.01
-19.43495 -0.674101 53638.25802 17.581 0.012 53638.259686 16.243 0.004 53638.256353 16.262 0.005 53638.257186 16.307 0.005 53638.258853 16.317 0.008
-19.43495 -0.674101 53655.194224 17.702 0.017 53655.19589 16.368 0.004 53655.192557 16.411 0.004 53655.19339 16.433 0.004 53655.195057 16.445 0.01
-19.43495 -0.674101 53664.219182 18.477 0.032 53664.220848 17.214 0.005 53664.217515 16.917 0.005 53664.218348 16.816 0.005 53664.220015 16.767 0.011
-19.43495 -0.674101 53666.182784 17.648 0.012 53666.18445 16.33 0.004 53666.181117 16.363 0.005 53666.18195 16.409 0.005 53666.183617 16.425 0.009
-19.43495 -0.674101 53669.178423 18.489 0.019 53669.180089 17.246 0.005 53669.176756 16.943 0.005 53669.177589 16.8 0.005 53669.179256 16.749 0.01
-19.43495 -0.674101 53671.263208 18.22 0.025 53671.264874 16.945 0.004 53671.261541 16.764 0.005 53671.262374 16.66 0.005 53671.264041 16.588 0.012
-19.43495 -0.674101 53674.162658 18.527 0.02 53674.164324 17.298 0.005 53674.160991 16.989 0.005 53674.161824 16.846 0.005 53674.163491 16.787 0.01
-19.43495 -0.674101 53676.252149 18.317 0.019 53676.253815 17.036 0.005 53676.250482 16.8 0.006 53676.251315 16.698 0.006 53676.252982 16.671 0.009
-19.43495 -0.674101 53679.224035 18.475 0.022 53679.225701 17.264 0.005 53679.222368 16.994 0.005 53679.223201 16.878 0.005 53679.224868 16.812 0.011
-19.43495 -0.674101 53681.215546 18.32 0.018 53681.217212 17.057 0.005 53681.213879 16.8 0.005 53681.214712 16.7 0.006 53681.216379 16.665 0.009
-19.43495 -0.674101 53685.174593 -99.99 0.037 53685.176259 17.267 0.007 53685.172926 16.98 0.007 53685.173759 16.848 0.007 53685.175426 16.792 0.013
-19.43495 -0.674101 53687.212938 -99.99 0.036 53687.214604 16.842 0.006 53687.211271 16.63 0.005 53687.212104 16.598 0.005 53687.213771 16.57 0.01
-19.43495 -0.674101 53694.18848 18.229 0.041 53694.190146 17.112 0.006 53694.186813 16.901 0.006 53694.187646 16.837 0.006 53694.189313 16.787 0.015
-19.43495 -0.674101 53697.17257 18.338 0.026 53697.174236 17.083 0.005 53697.170903 16.824 0.005 53697.171736 16.713 0.006 53697.173403 16.663 0.011
-19.43495 -0.674101 53700.171529 18.649 0.024 53700.173195 17.399 0.005 53700.169862 17.118 0.005 53700.170695 16.997 0.005 53700.172362 16.964 0.012
-19.43495 -0.674101 53705.158199 18.406 0.021 53705.159865 17.197 0.005 53705.156532 17.003 0.005 53705.157365 16.91 0.005 53705.159032 16.861 0.011
-19.43495 -0.674101 53975.243209 18.614 0.021 53975.244876 17.362 0.013 53975.241543 17.049 0.021 53975.242376 16.94 0.018 53975.244043 16.914 0.021
-19.43495 -0.674101 53993.311018 18.559 0.022 53993.312684 17.323 0.019 53993.309351 17.001 0.016 53993.310184 16.892 0.015 53993.311851 16.842 0.021
-19.43495 -0.674101 53996.249958 18.09 0.022 53996.251625 16.793 0.016 53996.248292 16.63 0.019 53996.249125 16.614 0.015 53996.250792 16.595 0.017
-19.43495 -0.674101 53998.218554 18.444 0.016 53998.220221 17.264 0.018 53998.216887 16.946 0.015 53998.217721 16.84 0.012 53998.219387 16.781 0.021
-19.43495 -0.674101 54005.248841 18.51 0.019 54005.250508 17.315 0.016 54005.247175 16.978 0.014 54005.248008 16.829 0.019 54005.249675 16.777 0.024
-19.43495 -0.674101 54010.204069 18.55 0.03 54010.205735 17.26 0.021 54010.202402 16.975 0.013 54010.203235 16.824 0.015 54010.204902 16.797 0.021
-19.43495 -0.674101 54012.196889 17.929 0.022 54012.198555 16.644 0.016 54012.195222 16.532 0.017 54012.196055 16.508 0.017 54012.197722 16.5 0.017
-19.43495 -0.674101 54020.202853 18.576 0.027 54020.20452 17.38 0.015 54020.201186 17.068 0.016 54020.20202 16.941 0.018 54020.203686 16.884 0.019
-19.43495 -0.674101 54022.25215 18.384 0.019 54022.253817 17.198 0.016 54022.250484 16.89 0.014 54022.251317 16.781 0.023 54022.252984 16.739 0.018
-19.43495 -0.674101 54028.193232 18.084 0.021 54028.194899 16.831 0.019 54028.191566 16.64 0.014 54028.192399 16.616 0.019 54028.194066 16.593 0.029
-19.43495 -0.674101 54030.196417 18.556 0.018 54030.198084 17.361 0.014 54030.19475 17.087 0.015 54030.195584 16.984 0.015 54030.19725 16.945 0.018
-19.43495 -0.674101 54035.272191 17.842 0.022 54035.273857 16.563 0.012 54035.270524 16.439 0.017 54035.271357 16.426 0.017 54035.273024 16.431 0.019
-19.43495 -0.674101 54037.177666 18.67 0.029 54037.179333 17.433 0.019 54037.175999 17.082 0.016 54037.176833 16.924 0.018 54037.178499 16.845 0.02
-19.43495 -0.674101 54040.192148 17.773 0.022 54040.193815 16.457 0.017 54040.190482 16.387 0.017 54040.191315 16.407 0.015 54040.192982 16.424 0.021
-19.43495 -0.674101 54050.176817 18.314 0.027 54050.178484 17.038 0.017 54050.175151 16.784 0.015 54050.175984 16.699 0.011 54050.177651 16.665 0.042
-19.43495 -0.674101 54053.182938 18.506 0.024 54053.184604 17.358 0.017 54053.181271 17.079 0.02 54053.182104 16.939 0.018 54053.183771 16.888 0.021
-19.43495 -0.674101 54056.184654 18.244 0.027 54056.186321 17.032 0.036 54056.182988 16.777 0.017 54056.183821 16.718 0.03 54056.185488 16.692 0.026
-19.43495 -0.674101 54057.153282 17.794 0.019 54057.154948 16.477 0.017 54057.151615 16.415 0.016 54057.152448 16.452 0.016 54057.154115 16.474 0.023
-19.43495 -0.674101 54059.178957 18.453 0.041 54059.180624 17.245 0.013 54059.177291 16.975 0.019 54059.178124 16.826 0.015 54059.179791 16.824 0.019
-19.43495 -0.674101 54061.189923 18.466 0.027 54061.19159 17.229 0.02 54061.188256 16.938 0.018 54061.18909 16.796 0.014 54061.190756 16.762 0.026
-19.43495 -0.674101 54062.183783 18.227 0.047 54062.18545 16.929 0.016 54062.182117 16.77 0.02 54062.18295 16.681 0.016 54062.184617 16.64 0.02
-19.43495 -0.674101 54068.173787 -99.99 0.032 54068.175453 16.726 0.045 54068.17212 16.584 0.016 54068.172953 16.558 0.016 54068.17462 16.57 0.017
-19.43495 -0.674101 54357.222077 18.449 0.025 54357.223744 17.272 0.028 54357.220411 16.958 0.014 54357.221244 16.824 0.016 54357.222911 16.815 0.024
-19.43495 -0.674101 54362.271879 18.633 0.024 54362.273545 17.436 0.019 54362.270212 17.124 0.012 54362.271045 16.957 0.022 54362.272712 16.927 0.02
-19.43495 -0.674101 54365.219977 17.569 0.021 54365.221644 16.236 0.025 54365.21831 16.229 0.015 54365.219144 16.307 0.018 54365.22081 16.324 0.023
-19.43495 -0.674101 54376.280555 18.158 0.025 54376.282222 16.909 0.018 54376.278888 16.691 0.013 54376.279722 16.621 0.02 54376.281388 16.581 0.028
-19.43495 -0.674101 54385.269908 18.594 0.093 54385.271575 17.327 0.017 54385.268241 16.985 0.014 54385.269075 16.85 0.018 54385.270741 16.808 0.018
-19.43495 -0.674101 54387.270406 18.317 0.027 54387.272073 17.04 0.015 54387.268739 16.798 0.013 54387.269573 16.703 0.013 54387.271239 16.668 0.021
-19.43495 -0.674101 54392.265127 18.384 0.023 54392.266794 17.198 0.016 54392.26346 16.898 0.017 54392.264294 16.777 0.015 54392.26596 16.713 0.022
-19.43495 -0.674101 54402.263582 18.576 0.039 54402.265248 17.346 0.021 54402.261915 16.993 0.013 54402.262748 16.884 0.02 54402.264415 16.813 0.017
