20.907425 -0.894412 51075.35777 16.551 0.006 51075.359436 15.247 0.003 51075.356103 15.171 0.003 51075.356936 15.165 0.004 51075.358603 15.191 0.005
20.907425 -0.894412 52196.377002 17.173 0.008 52196.378668 15.904 0.003 52196.375335 15.594 0.004 52196.376168 15.465 0.004 52196.377835 15.414 0.005
20.907425 -0.894412 52197.371362 16.819 0.007 52197.373028 15.555 0.003 52197.369695 15.345 0.004 52197.370528 15.296 0.004 52197.372195 15.264 0.005
20.907425 -0.894412 52207.343812 17.022 0.008 52207.345478 15.772 0.004 52207.342145 15.478 0.005 52207.342978 15.384 0.005 52207.344645 15.341 0.006
20.907425 -0.894412 52225.221571 16.594 0.006 52225.223237 15.301 0.003 52225.219904 15.199 0.004 52225.220737 15.191 0.004 52225.222404 15.192 0.005
20.907425 -0.894412 52231.257354 17.159 0.009 52231.25902 15.874 0.004 52231.255687 15.572 0.005 52231.25652 15.458 0.005 52231.258187 15.409 0.006
20.907425 -0.894412 52234.228444 17.218 0.009 52234.23011 15.934 0.004 52234.226777 15.632 0.004 52234.22761 15.502 0.004 52234.229277 15.46 0.006
20.907425 -0.894412 52282.118428 17.066 0.008 52282.120094 15.807 0.003 52282.116761 15.641 0.004 52282.117594 15.532 0.004 52282.119261 15.493 0.006
20.907425 -0.894412 52557.365355 -99.99 0.007 52557.367021 15.468 0.003 52557.363688 15.305 0.004 52557.364521 15.249 0.004 52557.366188 15.242 0.005
20.907425 -0.894412 52578.261441 16.637 0.006 52578.263107 15.311 0.003 52578.259774 15.212 0.004 52578.260607 15.185 0.004 52578.262274 15.199 0.005
20.907425 -0.894412 52908.339919 17.194 0.009 52908.341585 15.975 0.004 52908.338252 15.646 0.004 52908.339085 15.52 0.004 52908.340752 15.471 0.006
20.907425 -0.894412 52912.319358 17.153 0.01 52912.321024 15.861 0.006 52912.317691 15.57 0.007 52912.318524 15.446 0.008 52912.320191 15.397 0.009
20.907425 -0.894412 52934.271823 16.852 0.007 52934.273489 15.533 0.003 52934.270156 15.356 0.003 52934.270989 15.278 0.004 52934.272656 15.265 0.005
20.907425 -0.894412 52936.267749 17.22 0.008 52936.269415 15.953 0.004 52936.266082 15.644 0.004 52936.266915 15.515 0.005 52936.268582 15.464 0.006
20.907425 -0.894412 53270.331822 16.474 0.02 53270.333489 15.148 0.023 53270.330155 15.127 0.016 53270.330989 15.154 0.012 53270.332655 -99.99 0.015
20.907425 -0.894412 53272.38175 17.178 0.009 53272.383416 15.908 0.003 53272.380083 15.609 0.004 53272.380916 15.486 0.004 53272.382583 15.439 0.005
20.907425 -0.894412 53286.35047 17.2 0.01 53286.352136 15.933 0.003 53286.348803 15.622 0.004 53286.349636 15.489 0.004 53286.351303 15.43 0.005
20.907425 -0.894412 53288.308961 16.839 0.01 53288.310627 15.665 0.007 53288.307294 15.543 0.007 53288.308127 15.446 0.008 53288.309794 15.433 0.009
20.907425 -0.894412 53294.356636 16.994 0.008 53294.358302 15.707 0.003 53294.354969 15.448 0.003 53294.355802 15.361 0.003 53294.357469 15.332 0.005
20.907425 -0.894412 53296.303657 17.187 0.032 53296.305323 15.957 0.016 53296.30199 15.646 0.029 53296.302823 15.51 0.014 53296.30449 15.478 0.024
20.907425 -0.894412 53298.353413 16.842 0.008 53298.355079 15.516 0.004 53298.351746 15.329 0.004 53298.352579 15.279 0.004 53298.354246 15.258 0.006
20.907425 -0.894412 53302.30463 16.584 0.007 53302.306296 15.262 0.003 53302.302963 15.231 0.003 53302.303796 15.245 0.004 53302.305463 15.239 0.005
20.907425 -0.894412 53312.26017 16.596 0.021 53312.261837 15.329 0.015 53312.258503 15.232 0.013 53312.259337 15.201 0.032 53312.261003 15.178 0.015
20.907425 -0.894412 53314.26136 17.225 0.008 53314.263026 15.924 0.003 53314.259693 15.612 0.004 53314.260526 15.484 0.004 53314.262193 15.459 0.005
20.907425 -0.894412 53319.249157 16.649 0.007 53319.250823 15.354 0.003 53319.24749 15.238 0.003 53319.248323 15.222 0.003 53319.24999 15.211 0.005
20.907425 -0.894412 53616.365717 16.644 0.007 53616.367383 15.359 0.003 53616.36405 15.298 0.003 53616.364883 15.298 0.003 53616.36655 15.264 0.005
20.907425 -0.894412 53626.342144 -99.99 0.008 53626.34381 15.374 0.003 53626.340477 15.246 0.004 53626.34131 15.203 0.004 53626.342977 15.224 0.005
20.907425 -0.894412 53628.327009 17.195 0.011 53628.328675 15.934 0.003 53628.325342 15.597 0.003 53628.326175 15.494 0.004 53628.327842 15.442 0.005
20.907425 -0.894412 53637.328626 16.498 0.007 53637.330292 15.188 0.003 53637.326959 15.152 0.003 53637.327792 15.163 0.003 53637.329459 15.166 0.005
20.907425 -0.894412 53639.374003 17.226 0.011 53639.375669 15.906 0.008 53639.372336 15.607 0.008 53639.373169 15.48 0.009 53639.374836 15.428 0.01
20.907425 -0.894412 53641.373169 16.671 0.01 53641.374835 15.415 0.007 53641.371502 15.305 0.008 53641.372335 15.293 0.009 53641.374002 15.298 0.01
20.907425 -0.894412 53654.355696 16.975 0.008 53654.357362 15.675 0.004 53654.354029 15.42 0.004 53654.354862 15.346 0.004 53654.356529 15.304 0.006
20.907425 -0.894412 53663.3166 17.22 0.011 53663.318266 15.954 0.004 53663.314933 15.649 0.005 53663.315766 15.519 0.005 53663.317433 15.484 0.006
20.907425 -0.894412 53665.29457 16.552 0.019 53665.296236 15.366 0.007 53665.292903 -99.99 0.005 53665.293736 -99.99 0.008 53665.295403 -99.99 0.013
20.907425 -0.894412 53666.386696 16.619 0.008 53666.388362 15.363 0.003 53666.385029 15.291 0.004 53666.385862 15.27 0.004 53666.387529 15.281 0.005
20.907425 -0.894412 53668.306201 16.901 0.008 53668.307867 15.637 0.005 53668.304534 15.399 0.005 53668.305367 15.328 0.005 53668.307034 15.299 0.007
20.907425 -0.894412 53670.311053 17.23 0.01 53670.312719 15.962 0.003 53670.309386 15.655 0.003 53670.310219 15.531 0.003 53670.311886 15.515 0.005
20.907425 -0.894412 53673.279039 17.352 0.009 53673.280705 16.096 0.004 53673.277372 15.764 0.004 53673.278205 15.66 0.004 53673.279872 15.605 0.006
20.907425 -0.894412 53675.275926 16.909 0.008 53675.277592 15.636 0.003 53675.274259 15.395 0.003 53675.275092 15.324 0.003 53675.276759 15.297 0.005
20.907425 -0.894412 53677.296957 17.253 0.009 53677.298623 15.979 0.004 53677.29529 15.669 0.004 53677.296123 15.545 0.004 53677.29779 15.525 0.006
20.907425 -0.894412 53680.283624 17.348 0.009 53680.28529 16.068 0.004 53680.281957 15.774 0.004 53680.28279 15.654 0.004 53680.284457 15.626 0.006
20.907425 -0.894412 53686.283058 16.773 0.01 53686.284724 15.512 0.003 53686.281391 15.328 0.003 53686.282224 15.272 0.003 53686.283891 15.251 0.005
20.907425 -0.894412 53693.285519 16.852 0.01 53693.287185 15.576 0.003 53693.283852 15.361 0.004 53693.284685 15.302 0.004 53693.286352 15.274 0.005
20.907425 -0.894412 53698.282908 17.353 0.01 53698.284574 16.069 0.004 53698.281241 15.759 0.003 53698.282074 15.632 0.004 53698.283741 15.602 0.006
20.907425 -0.894412 53704.268841 16.619 0.007 53704.270507 15.319 0.003 53704.267174 15.224 0.003 53704.268007 15.216 0.004 53704.269674 15.208 0.005
20.907425 -0.894412 53989.364948 16.953 0.014 53989.366615 15.684 0.019 53989.363281 15.442 0.018 53989.364115 15.331 0.012 53989.365781 15.298 0.021
20.907425 -0.894412 53995.379514 -99.99 0.015 53995.38118 15.987 0.024 53995.377847 15.638 0.013 53995.37868 15.511 0.02 53995.380347 15.467 0.018
20.907425 -0.894412 54000.34032 16.734 0.063 54000.341986 15.463 0.012 54000.338653 15.285 0.01 54000.339486 15.247 0.014 54000.341153 -99.99 0.026
20.907425 -0.894412 54006.287106 17.088 0.068 54006.288773 -99.99 0.021 54006.28544 15.497 0.012 54006.286273 15.398 0.011 54006.28794 -99.99 0.015
20.907425 -0.894412 54007.390485 16.9 0.015 54007.392152 15.679 0.024 54007.388819 15.41 0.017 54007.389652 15.338 0.019 54007.391319 15.31 0.032
20.907425 -0.894412 54009.314236 17.21 0.018 54009.315902 15.989 0.018 54009.312569 15.635 0.014 54009.313402 15.482 0.018 54009.315069 15.477 0.015
20.907425 -0.894412 54011.378758 16.688 0.022 54011.380424 15.46 0.02 54011.377091 15.258 0.013 54011.377924 15.219 0.018 54011.379591 15.218 0.02
20.907425 -0.894412 54025.377729 16.83 0.014 54025.379396 15.554 0.024 54025.376062 15.35 0.025 54025.376896 15.286 0.013 54025.378562 15.263 0.027
20.907425 -0.894412 54029.308097 16.678 0.017 54029.309764 15.422 0.018 54029.30643 15.337 0.011 54029.307264 15.303 0.012 54029.30893 15.317 0.014
20.907425 -0.894412 54348.375498 17.231 0.03 54348.377165 15.949 0.023 54348.373832 15.629 0.019 54348.374665 15.497 0.019 54348.376332 15.445 0.015
20.907425 -0.894412 54358.331345 17.149 0.021 54358.333011 15.963 0.018 54358.329678 15.64 0.012 54358.330511 15.519 0.02 54358.332178 15.464 0.015
20.907425 -0.894412 54359.325352 17.044 0.014 54359.327019 15.804 0.022 54359.323686 15.504 0.011 54359.324519 15.397 0.013 54359.326186 15.384 0.022
20.907425 -0.894412 54365.364366 17.265 0.012 54365.366033 16.043 0.015 54365.362699 15.7 0.019 54365.363533 15.585 0.012 54365.365199 15.536 0.019
20.907425 -0.894412 54381.383933 16.988 0.039 54381.385599 15.725 0.011 54381.382266 15.415 0.022 54381.383099 15.318 0.019 54381.384766 15.318 0.019
20.907425 -0.894412 54384.390586 17.142 0.022 54384.392252 15.908 0.017 54384.388919 15.573 0.009 54384.389752 15.462 0.02 54384.391419 15.41 0.018
20.907425 -0.894412 54386.376253 17.186 0.016 54386.37792 15.961 0.023 54386.374587 15.713 0.015 54386.37542 15.579 0.027 54386.377087 15.576 0.021
20.907425 -0.894412 54388.380527 16.993 0.033 54388.382194 15.736 0.033 54388.378861 15.466 0.012 54388.379694 15.374 0.011 54388.381361 15.345 0.01
20.907425 -0.894412 54392.37812 16.868 0.037 54392.379786 15.552 0.033 54392.376453 15.342 0.015 54392.377286 15.277 0.019 54392.378953 15.247 0.016
20.907425 -0.894412 54403.294317 16.555 0.023 54403.295984 15.324 0.016 54403.292651 15.259 0.013 54403.293484 15.239 0.011 54403.295151 15.216 0.014
20.907425 -0.894412 54404.35195 17.301 0.014 54404.353617 16.058 0.018 54404.350283 15.749 0.012 54404.351117 15.621 0.008 54404.352783 15.576 0.015
20.907425 -0.894412 54405.349816 17.19 0.011 54405.351483 15.92 0.017 54405.34815 15.589 0.012 54405.348983 15.459 0.015 54405.35065 15.425 0.021
20.907425 -0.894412 54406.288132 16.649 0.015 54406.289798 15.414 0.025 54406.286465 15.242 0.017 54406.287298 15.199 0.017 54406.288965 15.209 0.015
20.907425 -0.894412 54412.313905 17.184 0.017 54412.315572 15.897 0.001 54412.312239 15.57 0.021 54412.313072 15.446 0.02 54412.314739 15.383 0.012
