2.629534 1.025659 51081.290822 20.355 0.084 51081.292488 19.138 0.013 51081.289155 18.937 0.014 51081.289988 18.858 0.02 51081.291655 18.878 0.059
2.629534 1.025659 51819.36199 19.842 0.046 51819.363656 18.637 0.009 51819.360323 18.587 0.011 51819.361156 18.596 0.013 51819.362823 18.571 0.039
2.629534 1.025659 52558.32726 20.147 0.052 52558.328926 18.921 0.009 52558.325593 18.72 0.012 52558.326426 18.661 0.014 52558.328093 18.639 0.036
2.629534 1.025659 52577.214761 20.388 0.066 52577.216427 19.157 0.011 52577.213094 18.908 0.011 52577.213927 18.817 0.016 52577.215594 18.761 0.046
2.629534 1.025659 52586.21824 19.895 0.042 52586.219906 18.643 0.008 52586.216573 18.599 0.01 52586.217406 18.579 0.014 52586.219073 18.569 0.044
2.629534 1.025659 52910.298722 19.963 0.043 52910.300388 18.69 0.008 52910.297055 18.624 0.009 52910.297888 18.599 0.013 52910.299555 18.586 0.036
2.629534 1.025659 52931.228923 19.648 0.04 52931.230589 18.368 0.007 52931.227256 18.348 0.009 52931.228089 18.413 0.012 52931.229756 18.409 0.033
2.629534 1.025659 52935.225887 20.016 0.047 52935.227553 18.85 0.009 52935.22422 18.798 0.011 52935.225053 18.766 0.014 52935.22672 18.734 0.044
2.629534 1.025659 52959.169215 19.602 0.033 52959.170881 18.436 0.007 52959.167548 18.448 0.008 52959.168381 18.476 0.011 52959.170048 18.512 0.031
2.629534 1.025659 52963.14896 20.54 0.061 52963.150626 19.222 0.011 52963.147293 19 0.013 52963.148126 18.934 0.015 52963.149793 18.929 0.045
2.629534 1.025659 53352.120025 20.044 0.044 53352.121691 18.798 0.009 53352.118358 18.665 0.01 53352.119191 18.675 0.014 53352.120858 18.622 0.039
2.629534 1.025659 53622.328328 20.391 0.09 53622.329994 19.192 0.013 53622.326661 18.938 0.014 53622.327494 18.854 0.021 53622.329161 18.871 0.067
2.629534 1.025659 53634.277797 20.213 0.153 53634.279463 18.924 0.021 53634.27613 18.842 0.018 53634.276963 18.797 0.022 53634.27863 18.847 0.061
2.629534 1.025659 53638.319132 20.388 0.071 53638.320798 19.235 0.013 53638.317465 19.026 0.013 53638.318298 18.907 0.018 53638.319965 18.822 0.042
2.629534 1.025659 53640.283168 20.509 0.125 53640.284834 -99.99 0.025 53640.281501 19.014 0.017 53640.282334 18.915 0.029 53640.284001 -99.99 0.162
2.629534 1.025659 53655.255338 19.28 0.044 53655.257004 -99.99 0.009 53655.253671 18.16 0.009 53655.254504 18.265 0.012 53655.256171 18.265 0.036
2.629534 1.025659 53664.280295 20.296 0.135 53664.281961 19.287 0.021 53664.278628 19.083 0.018 53664.279461 18.956 0.022 53664.281128 19.039 0.084
2.629534 1.025659 53666.243899 20.507 0.08 53666.245565 19.293 0.014 53666.242232 19.022 0.013 53666.243065 18.943 0.017 53666.244732 18.81 0.045
2.629534 1.025659 53669.239538 20.403 0.062 53669.241204 19.233 0.011 53669.237871 18.954 0.012 53669.238704 18.865 0.017 53669.240371 18.883 0.046
2.629534 1.025659 53671.324309 20.491 0.114 53671.325975 19.295 0.013 53671.322642 18.999 0.014 53671.323475 18.875 0.018 53671.325142 18.797 0.052
2.629534 1.025659 53674.223774 20.212 0.063 53674.22544 19.1 0.01 53674.222107 18.857 0.011 53674.22294 18.787 0.015 53674.224607 18.746 0.04
2.629534 1.025659 53676.31325 20.265 0.067 53676.314916 19.207 0.011 53676.311583 18.953 0.012 53676.312416 18.843 0.014 53676.314083 18.713 0.035
2.629534 1.025659 53679.285143 20.078 0.068 53679.286809 18.996 0.01 53679.283476 18.772 0.013 53679.284309 18.772 0.018 53679.285976 18.696 0.053
2.629534 1.025659 53681.276655 19.999 0.061 53681.278321 18.792 0.01 53681.274988 18.617 0.011 53681.275821 18.61 0.014 53681.277488 18.62 0.038
2.629534 1.025659 53685.235707 19.735 0.11 53685.237373 18.702 0.022 53685.23404 18.667 0.022 53685.234873 18.665 0.024 53685.23654 18.585 0.052
2.629534 1.025659 53694.249584 20.489 0.271 53694.25125 19.29 0.036 53694.247917 18.982 0.025 53694.24875 18.902 0.027 53694.250417 18.886 0.089
2.629534 1.025659 53697.23368 20.246 0.07 53697.235346 19.117 0.011 53697.232013 18.847 0.014 53697.232846 18.782 0.016 53697.234513 18.765 0.038
2.629534 1.025659 53700.232639 20.148 0.068 53700.234305 18.899 0.01 53700.230972 18.708 0.011 53700.231805 18.668 0.016 53700.233472 18.657 0.046
2.629534 1.025659 53705.219309 19.353 0.035 53705.220975 18.193 0.007 53705.217642 18.216 0.008 53705.218475 18.328 0.01 53705.220142 18.322 0.028
2.629534 1.025659 53975.304322 19.685 0.044 53975.305989 18.4 0.017 53975.302655 18.357 0.017 53975.303489 18.423 0.017 53975.305155 18.449 0.037
2.629534 1.025659 53990.317117 20.468 0.108 53990.318784 19.291 0.025 53990.31545 19.107 0.018 53990.316284 18.923 0.022 53990.31795 -99.99 0.053
2.629534 1.025659 53993.372113 20.48 0.075 53993.37378 19.234 0.018 53993.370447 -99.99 0.027 53993.37128 18.88 0.017 53993.372947 18.826 0.045
2.629534 1.025659 53994.327307 20.42 0.055 53994.328974 19.215 0.012 53994.32564 18.971 0.013 53994.326474 18.858 0.018 53994.32814 18.842 0.045
2.629534 1.025659 53996.311054 20.31 0.062 53996.31272 19.157 0.019 53996.309387 18.914 0.021 53996.31022 18.82 0.019 53996.311887 18.805 0.048
2.629534 1.025659 53998.279714 20.422 0.154 53998.281381 19.001 0.017 53998.278047 -99.99 0.041 53998.278881 -99.99 0.115 53998.280547 -99.99 0.059
2.629534 1.025659 54005.309922 19.884 0.038 54005.311588 18.688 0.017 54005.308255 18.615 0.013 54005.309088 18.646 0.018 54005.310755 18.605 0.034
2.629534 1.025659 54010.265146 20.491 0.071 54010.266812 19.235 0.018 54010.263479 19.059 0.014 54010.264312 18.99 0.019 54010.265979 -99.99 0.041
2.629534 1.025659 54012.257991 20.3 0.107 54012.259657 19.261 0.025 54012.256324 18.995 0.02 54012.257157 18.984 0.023 54012.258824 18.804 0.047
2.629534 1.025659 54020.263974 20.314 0.09 54020.265641 19.084 0.035 54020.262308 -99.99 0.03 54020.263141 18.748 0.026 54020.264808 18.688 0.072
2.629534 1.025659 54024.345595 20.098 0.09 54024.347261 19.096 0.017 54024.343928 18.862 0.023 54024.344761 18.757 0.032 54024.346428 18.726 0.056
2.629534 1.025659 54028.254354 19.273 0.032 54028.25602 18.148 0.019 54028.252687 18.159 0.016 54028.25352 18.312 0.02 54028.255187 18.264 0.031
2.629534 1.025659 54030.257528 19.613 0.033 54030.259195 18.403 0.01 54030.255861 18.437 0.015 54030.256695 18.428 0.015 54030.258361 18.443 0.032
2.629534 1.025659 54035.33335 20.103 0.131 54035.335016 18.939 0.018 54035.331683 -99.99 0.025 54035.332516 18.828 0.036 54035.334183 18.828 0.078
2.629534 1.025659 54037.238768 20.519 0.069 54037.240434 19.308 0.02 54037.237101 19.09 0.019 54037.237934 18.927 0.017 54037.239601 18.953 0.048
2.629534 1.025659 54040.253273 20.264 0.102 54040.254939 19.327 0.029 54040.251606 19.11 0.022 54040.252439 18.931 0.024 54040.254106 18.83 0.051
2.629534 1.025659 54049.279772 20.303 0.153 54049.281438 19.049 0.024 54049.278105 18.847 0.019 54049.278938 18.695 0.024 54049.280605 18.758 0.062
2.629534 1.025659 54053.244032 19.933 0.047 54053.245698 18.716 0.016 54053.242365 18.594 0.019 54053.243198 18.604 0.017 54053.244865 18.548 0.032
2.629534 1.025659 54056.245708 -99.99 0.155 54056.247375 18.47 0.032 54056.244041 -99.99 0.02 54056.244875 18.515 0.021 54056.246541 18.672 0.067
2.629534 1.025659 54059.239997 19.725 0.066 54059.241664 18.54 0.085 54059.238331 18.531 0.057 54059.239164 18.542 0.059 54059.240831 18.555 0.054
2.629534 1.025659 54062.244904 20.353 0.092 54062.24657 19.24 0.016 54062.243237 18.972 0.028 54062.24407 18.903 0.025 54062.245737 18.831 0.063
2.629534 1.025659 54068.225455 20.532 0.164 54068.227121 19.256 0.028 54068.223788 18.937 0.021 54068.224621 18.843 0.024 54068.226288 18.802 0.052
2.629534 1.025659 54357.283194 20.513 0.068 54357.28486 19.383 0.023 54357.281527 19.093 0.02 54357.28236 19.015 0.021 54357.284027 18.91 0.041
2.629534 1.025659 54362.333027 -99.99 0.128 54362.334693 19.329 0.028 54362.33136 -99.99 0.023 54362.332193 -99.99 0.031 54362.33386 -99.99 0.07
2.629534 1.025659 54382.313209 19.722 0.051 54382.314875 18.386 0.026 54382.311542 18.433 0.019 54382.312375 18.484 0.017 54382.314042 18.441 0.04
2.629534 1.025659 54385.331013 19.702 0.04 54385.332679 18.554 0.017 54385.329346 18.571 0.015 54385.330179 18.56 0.014 54385.331846 18.585 0.034
2.629534 1.025659 54387.331513 20.395 0.078 54387.33318 19.144 0.018 54387.329847 18.972 0.02 54387.33068 18.897 0.021 54387.332347 18.837 0.044
2.629534 1.025659 54392.326315 -99.99 0.081 54392.327982 19.211 0.018 54392.324649 18.959 0.021 54392.325482 18.865 0.019 54392.327149 18.81 0.046
2.629534 1.025659 54402.324725 19.878 0.099 54402.326392 18.765 0.03 54402.323058 18.622 0.02 54402.323892 18.571 0.022 54402.325558 18.531 0.038
