24.289276 0.202359 51081.350826 19.231 0.028 51081.352492 18.051 0.006 51081.349159 17.74 0.006 51081.349992 17.645 0.007 51081.351659 17.678 0.022
24.289276 0.202359 52170.387804 18.993 0.023 52170.38947 17.841 0.006 52170.386137 17.626 0.006 52170.38697 17.556 0.007 52170.388637 17.502 0.018
24.289276 0.202359 52225.246659 19.172 0.028 52225.248325 17.936 0.006 52225.244992 17.67 0.006 52225.245825 17.552 0.007 52225.247492 17.54 0.018
24.289276 0.202359 52282.127795 -99.99 0.023 52282.129461 17.69 0.007 52282.126128 17.519 0.008 52282.126961 17.446 0.009 52282.128628 17.395 0.019
24.289276 0.202359 52288.081079 19.112 0.025 52288.082745 17.891 0.006 52288.079412 17.614 0.006 52288.080245 17.517 0.006 52288.081912 17.497 0.017
24.289276 0.202359 52551.354372 19.272 0.031 52551.356038 18.004 0.006 52551.352705 17.715 0.006 52551.353538 17.588 0.007 52551.355205 17.546 0.021
24.289276 0.202359 52558.387247 19.22 0.027 52558.388913 18.008 0.006 52558.38558 17.718 0.007 52558.386413 17.593 0.007 52558.38808 17.566 0.016
24.289276 0.202359 52576.220297 19.146 0.027 52576.221963 17.89 0.006 52576.21863 17.634 0.006 52576.219463 17.517 0.007 52576.22113 17.514 0.017
24.289276 0.202359 52577.274753 18.846 0.023 52577.276419 17.743 0.005 52577.273086 17.549 0.006 52577.273919 17.485 0.006 52577.275586 17.544 0.017
24.289276 0.202359 52585.221831 19.134 0.027 52585.223497 17.926 0.006 52585.220164 17.655 0.006 52585.220997 17.556 0.007 52585.222664 17.54 0.022
24.289276 0.202359 52910.35871 18.931 0.024 52910.360376 17.712 0.005 52910.357043 17.515 0.006 52910.357876 17.46 0.006 52910.359543 17.438 0.017
24.289276 0.202359 52935.285877 18.958 0.025 52935.287543 17.804 0.006 52935.28421 17.617 0.006 52935.285043 17.548 0.007 52935.28671 17.511 0.019
24.289276 0.202359 52963.208952 19.164 0.024 52963.210618 17.95 0.006 52963.207285 17.679 0.006 52963.208118 17.561 0.007 52963.209785 17.543 0.016
24.289276 0.202359 52971.199868 19.047 0.026 52971.201534 17.894 0.006 52971.198201 17.659 0.006 52971.199034 17.577 0.006 52971.200701 17.487 0.016
24.289276 0.202359 53351.131256 18.977 0.025 53351.132922 17.767 0.005 53351.129589 17.572 0.006 53351.130422 17.529 0.007 53351.132089 17.517 0.018
24.289276 0.202359 53352.180019 19.169 0.028 53352.181685 17.997 0.006 53352.178352 17.711 0.006 53352.179185 17.602 0.007 53352.180852 17.615 0.018
24.289276 0.202359 53622.388312 19.265 0.035 53622.389978 18.043 0.006 53622.386645 17.769 0.006 53622.387478 17.6 0.007 53622.389145 17.608 0.02
24.289276 0.202359 53634.337784 19.125 0.088 53634.33945 17.861 0.011 53634.336117 17.631 0.009 53634.33695 17.541 0.009 53634.338617 17.521 0.027
24.289276 0.202359 53638.379119 19.145 0.03 53638.380785 18.014 0.007 53638.377452 17.721 0.006 53638.378285 17.607 0.007 53638.379952 17.56 0.018
24.289276 0.202359 53640.343155 19.262 0.035 53640.344821 18.02 0.006 53640.341488 17.76 0.006 53640.342321 17.628 0.007 53640.343988 17.596 0.02
24.289276 0.202359 53646.404565 -99.99 0.068 53646.406231 -99.99 0.008 53646.402898 17.524 0.008 53646.403731 17.487 0.008 53646.405398 -99.99 0.042
24.289276 0.202359 53655.315327 18.941 0.027 53655.316993 17.722 0.005 53655.31366 17.537 0.006 53655.314493 17.468 0.007 53655.31616 17.469 0.018
24.289276 0.202359 53664.340283 18.853 0.044 53664.341949 17.739 0.009 53664.338616 17.533 0.008 53664.339449 17.493 0.009 53664.341116 17.422 0.025
24.289276 0.202359 53666.396061 19.034 0.041 53666.397727 17.82 0.007 53666.394394 17.561 0.006 53666.395227 17.49 0.007 53666.396894 17.456 0.018
24.289276 0.202359 53669.299528 19.215 0.029 53669.301194 18.022 0.006 53669.297861 17.754 0.006 53669.298694 17.652 0.007 53669.300361 17.67 0.018
24.289276 0.202359 53671.384287 18.939 0.036 53671.385953 17.755 0.006 53671.38262 17.531 0.006 53671.383453 17.469 0.007 53671.38512 17.47 0.02
24.289276 0.202359 53674.283764 19.205 0.036 53674.28543 18.015 0.006 53674.282097 17.7 0.007 53674.28293 17.624 0.008 53674.284597 17.545 0.021
24.289276 0.202359 53676.37323 19.119 0.036 53676.374896 17.997 0.007 53676.371563 17.759 0.007 53676.372396 17.617 0.007 53676.374063 17.668 0.021
24.289276 0.202359 53679.345127 19.176 0.039 53679.346793 17.975 0.006 53679.34346 17.688 0.006 53679.344293 17.575 0.008 53679.34596 17.572 0.024
24.289276 0.202359 53681.336641 19.252 0.035 53681.338307 17.988 0.007 53681.334974 17.716 0.007 53681.335807 17.588 0.007 53681.337474 17.52 0.018
24.289276 0.202359 53685.295695 19.172 0.039 53685.297361 17.997 0.008 53685.294028 17.761 0.008 53685.294861 17.648 0.008 53685.296528 17.598 0.019
24.289276 0.202359 53694.309576 19.216 0.091 53694.311242 18.038 0.012 53694.307909 17.762 0.009 53694.308742 17.631 0.009 53694.310409 17.59 0.032
24.289276 0.202359 53697.293665 19.15 0.038 53697.295331 17.944 0.007 53697.291998 17.671 0.007 53697.292831 17.559 0.007 53697.294498 17.55 0.02
24.289276 0.202359 53700.292622 18.967 0.032 53700.294288 17.734 0.006 53700.290955 17.536 0.006 53700.291788 17.442 0.007 53700.293455 17.466 0.023
24.289276 0.202359 53705.279292 19.101 0.029 53705.280958 17.945 0.006 53705.277625 17.696 0.006 53705.278458 17.611 0.007 53705.280125 17.607 0.018
24.289276 0.202359 53975.364351 19.232 0.028 53975.366018 18.043 0.022 53975.362685 17.694 0.026 53975.363518 17.644 0.017 53975.365185 17.607 0.023
24.289276 0.202359 53990.377164 19.004 0.051 53990.378831 17.732 0.014 53990.375497 17.566 0.011 53990.376331 17.479 0.015 53990.377997 17.466 0.024
24.289276 0.202359 53994.387347 19.223 0.029 53994.389014 17.945 0.024 53994.385681 17.657 0.013 53994.386514 17.555 0.012 53994.388181 17.495 0.023
24.289276 0.202359 53996.371021 19.209 0.029 53996.372688 -99.99 0.045 53996.369355 17.748 0.017 53996.370188 17.605 0.03 53996.371855 17.524 0.021
24.289276 0.202359 54010.32516 19.005 0.029 54010.326827 17.834 0.019 54010.323494 17.591 0.021 54010.324327 17.511 0.017 54010.325994 17.485 0.025
24.289276 0.202359 54012.317982 19.141 0.043 54012.319649 17.896 0.022 54012.316316 17.653 0.018 54012.317149 17.517 0.014 54012.318816 17.499 0.021
24.289276 0.202359 54020.324011 19.214 0.034 54020.325678 17.968 0.021 54020.322345 17.75 0.015 54020.323178 17.637 0.011 54020.324845 17.631 0.024
24.289276 0.202359 54024.405564 19.018 0.032 54024.40723 17.785 0.015 54024.403897 17.585 0.018 54024.40473 17.448 0.013 54024.406397 17.456 0.03
24.289276 0.202359 54028.393857 19.226 0.034 54028.395524 -99.99 0.031 54028.392191 17.672 0.028 54028.393024 17.563 0.013 54028.394691 17.526 0.022
24.289276 0.202359 54030.31754 19.162 0.025 54030.319207 17.926 0.015 54030.315874 17.663 0.014 54030.316707 17.594 0.015 54030.318374 17.518 0.02
24.289276 0.202359 54035.393345 18.989 0.05 54035.395012 17.881 0.008 54035.391679 17.64 0.022 54035.392512 17.533 0.019 54035.394179 17.479 0.028
24.289276 0.202359 54037.29876 19.04 0.031 54037.300426 17.847 0.021 54037.297093 17.596 0.017 54037.297926 17.5 0.014 54037.299593 17.474 0.018
24.289276 0.202359 54040.313313 18.91 0.031 54040.31498 17.753 0.014 54040.311646 17.585 0.014 54040.31248 17.509 0.013 54040.314146 17.494 0.021
24.289276 0.202359 54049.339708 18.928 0.048 54049.341375 17.737 0.011 54049.338042 17.539 0.012 54049.338875 17.449 0.01 54049.340542 17.431 0.026
24.289276 0.202359 54053.304026 19.015 0.036 54053.305692 17.803 0.018 54053.302359 17.574 0.019 54053.303192 17.492 0.011 54053.304859 17.384 0.019
24.289276 0.202359 54056.305726 19.057 0.037 54056.307392 17.861 0.021 54056.304059 17.631 0.015 54056.304892 17.567 0.016 54056.306559 17.51 0.033
24.289276 0.202359 54059.300027 19.209 0.052 54059.301694 18.042 0.019 54059.29836 17.732 0.014 54059.299194 17.611 0.011 54059.30086 17.56 0.025
24.289276 0.202359 54061.311097 19.301 0.057 54061.312764 18.03 0.021 54061.30943 17.748 0.019 54061.310264 17.645 0.032 54061.31193 17.601 0.029
24.289276 0.202359 54062.304945 19.004 0.027 54062.306611 17.899 0.024 54062.303278 17.603 0.012 54062.304111 17.49 0.011 54062.305778 17.457 0.022
24.289276 0.202359 54068.285468 19.283 0.052 54068.287135 18.005 0.013 54068.283802 17.733 0.009 54068.284635 17.601 0.011 54068.286302 17.571 0.024
24.289276 0.202359 54357.343204 18.964 0.024 54357.344871 17.794 0.028 54357.341538 17.542 0.011 54357.342371 17.475 0.013 54357.344038 17.455 0.027
24.289276 0.202359 54359.374946 19.003 0.042 54359.376613 17.829 0.025 54359.37328 17.584 0.013 54359.374113 17.446 0.017 54359.37578 17.483 0.031
24.289276 0.202359 54362.393005 19.017 0.026 54362.394672 17.833 0.016 54362.391339 17.619 0.015 54362.392172 17.544 0.015 54362.393839 17.524 0.021
24.289276 0.202359 54376.388091 19.289 0.032 54376.389757 18.049 0.018 54376.386424 17.74 0.01 54376.387257 17.669 0.014 54376.388924 17.599 0.022
24.289276 0.202359 54382.373245 18.887 0.03 54382.374912 17.732 0.01 54382.371579 17.55 0.009 54382.372412 17.459 0.016 54382.374079 17.432 0.029
24.289276 0.202359 54385.391041 19.317 0.03 54385.392707 18.056 0.019 54385.389374 17.761 0.02 54385.390207 17.645 0.017 54385.391874 17.602 0.025
24.289276 0.202359 54390.383961 19.137 0.039 54390.385628 17.982 0.028 54390.382294 17.713 0.01 54390.383128 17.611 0.015 54390.384794 17.565 0.023
24.289276 0.202359 54391.392336 18.904 0.049 54391.394003 17.722 0.02 54391.39067 17.513 0.019 54391.391503 17.501 0.013 54391.39317 -99.99 0.036
24.289276 0.202359 54402.384689 19.024 0.072 54402.386355 17.851 0.018 54402.383022 17.565 0.014 54402.383855 17.516 0.013 54402.385522 17.488 0.037
