23.201735 1.029917 51081.347856 18.702 0.021 51081.349522 17.553 0.005 51081.346189 17.236 0.005 51081.347022 17.124 0.006 51081.348689 17.072 0.013
23.201735 1.029917 51819.418964 18.18 0.016 51819.42063 17.023 0.004 51819.417297 16.936 0.005 51819.41813 16.92 0.005 51819.419797 16.907 0.011
23.201735 1.029917 52288.078068 18.69 0.019 52288.079734 17.573 0.005 52288.076401 17.304 0.005 52288.077234 17.223 0.006 52288.078901 17.178 0.012
23.201735 1.029917 52551.35136 18.62 0.02 52551.353026 17.403 0.005 52551.349693 17.153 0.005 52551.350526 17.043 0.005 52551.352193 17.042 0.013
23.201735 1.029917 52558.384235 18.768 0.02 52558.385901 17.639 0.005 52558.382568 17.364 0.006 52558.383401 17.264 0.006 52558.385068 17.227 0.012
23.201735 1.029917 52576.217286 18.713 0.019 52576.218952 17.586 0.005 52576.215619 17.34 0.005 52576.216452 17.225 0.006 52576.218119 17.198 0.013
23.201735 1.029917 52577.271741 18.717 0.02 52577.273407 17.574 0.005 52577.270074 17.287 0.005 52577.270907 17.148 0.006 52577.272574 17.101 0.012
23.201735 1.029917 52585.218819 18.751 0.02 52585.220485 17.55 0.005 52585.217152 17.265 0.005 52585.217985 17.13 0.006 52585.219652 17.117 0.015
23.201735 1.029917 52910.355698 18.69 0.021 52910.357364 17.567 0.005 52910.354031 17.308 0.005 52910.354864 17.243 0.006 52910.356531 17.208 0.013
23.201735 1.029917 52935.282866 18.569 0.019 52935.284532 17.396 0.005 52935.281199 17.136 0.005 52935.282032 17.044 0.005 52935.283699 16.999 0.013
23.201735 1.029917 52963.205941 18.715 0.018 52963.207607 17.586 0.005 52963.204274 17.323 0.005 52963.205107 17.231 0.006 52963.206774 -99.99 0.012
23.201735 1.029917 52971.196857 18.727 0.02 52971.198523 17.583 0.005 52971.19519 17.336 0.005 52971.196023 17.23 0.005 52971.19769 17.178 0.012
23.201735 1.029917 53351.128244 18.494 0.017 53351.12991 17.258 0.005 53351.126577 17.053 0.005 53351.12741 16.977 0.005 53351.129077 16.938 0.012
23.201735 1.029917 53352.177008 18.112 0.015 53352.178674 16.917 0.004 53352.175341 16.84 0.004 53352.176174 16.832 0.005 53352.177841 16.814 0.011
23.201735 1.029917 53622.385302 -99.99 0.027 53622.386968 17.648 0.006 53622.383635 17.366 0.006 53622.384468 17.251 0.007 53622.386135 17.228 0.017
23.201735 1.029917 53634.334772 -99.99 0.045 53634.336438 17.304 0.008 53634.333105 17.072 0.006 53634.333938 16.992 0.007 53634.335605 16.967 0.015
23.201735 1.029917 53638.376108 18.731 0.023 53638.377774 17.577 0.005 53638.374441 17.361 0.005 53638.375274 17.234 0.006 53638.376941 17.21 0.014
23.201735 1.029917 53640.340145 18.074 0.017 53640.341811 16.844 0.004 53640.338478 16.79 0.004 53640.339311 16.798 0.005 53640.340978 16.74 0.011
23.201735 1.029917 53655.312317 18.662 0.024 53655.313983 17.481 0.006 53655.31065 17.194 0.007 53655.311483 17.086 0.008 53655.31315 17.001 0.015
23.201735 1.029917 53664.337272 18.203 0.024 53664.338938 17.017 0.006 53664.335605 16.888 0.006 53664.336438 16.849 0.007 53664.338105 16.831 0.014
23.201735 1.029917 53669.296516 18.373 0.017 53669.298182 17.161 0.004 53669.294849 16.987 0.005 53669.295682 16.938 0.005 53669.297349 16.887 0.011
23.201735 1.029917 53671.381275 18.76 0.03 53671.382941 17.634 0.006 53671.379608 17.275 0.005 53671.380441 17.169 0.006 53671.382108 17.132 0.015
23.201735 1.029917 53674.280753 18.509 0.023 53674.282419 17.326 0.005 53674.279086 17.087 0.005 53674.279919 16.996 0.006 53674.281586 16.957 0.014
23.201735 1.029917 53676.370218 18.747 0.025 53676.371884 17.564 0.005 53676.368551 17.3 0.005 53676.369384 17.176 0.006 53676.371051 17.116 0.012
23.201735 1.029917 53679.342116 18.728 0.027 53679.343782 17.569 0.006 53679.340449 17.249 0.006 53679.341282 17.156 0.007 53679.342949 17.118 0.016
23.201735 1.029917 53681.333629 18.79 0.024 53681.335295 17.652 0.006 53681.331962 17.34 0.005 53681.332795 17.25 0.006 53681.334462 17.202 0.013
23.201735 1.029917 53685.292685 18.474 0.024 53685.294351 17.22 0.006 53685.291018 17.02 0.005 53685.291851 16.957 0.006 53685.293518 16.884 0.011
23.201735 1.029917 53694.306563 -99.99 0.038 53694.308229 17.117 0.006 53694.304896 17.028 0.006 53694.305729 16.962 0.007 53694.307396 16.978 0.015
23.201735 1.029917 53697.290654 18.822 0.031 53697.29232 17.606 0.006 53697.288987 17.342 0.006 53697.28982 17.227 0.006 53697.291487 17.164 0.013
23.201735 1.029917 53700.289611 18.744 0.029 53700.291277 17.588 0.007 53700.287944 17.293 0.007 53700.288777 17.165 0.009 53700.290444 17.142 0.018
23.201735 1.029917 53705.276281 18.766 0.024 53705.277947 17.625 0.005 53705.274614 17.337 0.005 53705.275447 17.237 0.006 53705.277114 17.19 0.012
23.201735 1.029917 53975.361288 18.59 0.034 53975.362955 17.448 0.012 53975.359621 17.173 0.018 53975.360455 17.052 0.01 53975.362121 17.011 0.02
23.201735 1.029917 53990.374098 18.693 0.035 53990.375765 17.54 0.012 53990.372432 17.302 0.015 53990.373265 17.242 0.019 53990.374932 17.129 0.018
23.201735 1.029917 53994.384283 18.623 0.021 53994.38595 17.453 0.021 53994.382617 17.149 0.015 53994.38345 17.031 0.012 53994.385117 17.022 0.018
23.201735 1.029917 53996.368031 18.604 0.027 53996.369698 17.5 0.022 53996.366364 17.228 0.02 53996.367198 17.137 0.015 53996.368864 17.089 0.017
23.201735 1.029917 54010.322126 18.572 0.02 54010.323793 17.393 0.018 54010.32046 17.085 0.015 54010.321293 17.005 0.012 54010.32296 -99.99 0.015
23.201735 1.029917 54012.31499 18.698 0.03 54012.316657 17.487 0.018 54012.313323 17.216 0.014 54012.314157 17.111 0.014 54012.315823 17.034 0.017
23.201735 1.029917 54020.320974 18.668 0.031 54020.322641 17.544 0.021 54020.319307 17.227 0.012 54020.320141 17.112 0.013 54020.321807 17.066 0.016
23.201735 1.029917 54024.402544 18.435 0.029 54024.404211 17.296 0.025 54024.400877 17.079 0.013 54024.401711 16.985 0.027 54024.403377 16.909 0.016
23.201735 1.029917 54028.390846 18.569 0.039 54028.392513 17.457 0.032 54028.38918 17.231 0.014 54028.390013 17.152 0.012 54028.39168 17.094 0.034
23.201735 1.029917 54030.314509 18.618 0.019 54030.316175 17.472 0.014 54030.312842 17.269 0.01 54030.313675 17.174 0.012 54030.315342 17.138 0.015
23.201735 1.029917 54035.390282 18.338 0.027 54035.391949 17.167 0.045 54035.388616 16.979 0.012 54035.389449 16.929 0.015 54035.391116 16.904 0.018
23.201735 1.029917 54037.295749 18.405 0.025 54037.297415 17.275 0.012 54037.294082 17.055 0.014 54037.294915 16.963 0.013 54037.296582 16.92 0.019
23.201735 1.029917 54040.310249 -99.99 0.022 54040.311916 17.149 0.011 54040.308583 16.991 0.013 54040.309416 16.93 0.013 54040.311083 16.884 0.017
23.201735 1.029917 54049.336711 18.698 0.039 54049.338378 17.617 0.015 54049.335045 17.327 0.015 54049.335878 17.242 0.011 54049.337545 17.199 0.018
23.201735 1.029917 54053.301009 18.515 0.03 54053.302676 17.31 0.021 54053.299342 17.083 0.014 54053.300176 16.985 0.012 54053.301842 16.968 0.02
23.201735 1.029917 54056.302687 18.394 0.03 54056.304354 17.227 0.016 54056.30102 17.033 0.026 54056.301854 16.944 0.011 54056.30352 16.911 0.018
23.201735 1.029917 54059.296959 18.183 0.025 54059.298626 17.026 0.028 54059.295293 16.893 0.015 54059.296126 16.916 0.034 54059.297793 16.827 0.022
23.201735 1.029917 54061.308067 18.544 0.038 54061.309733 17.418 0.021 54061.3064 17.112 0.03 54061.307233 17.047 0.015 54061.3089 16.967 0.025
23.201735 1.029917 54062.301856 18.229 0.022 54062.303523 17.071 0.014 54062.300189 16.949 0.013 54062.301023 16.945 0.012 54062.302689 16.938 0.018
23.201735 1.029917 54068.282433 18.637 0.03 54068.284099 17.488 0.018 54068.280766 17.219 0.011 54068.281599 17.121 0.011 54068.283266 17.087 0.018
23.201735 1.029917 54357.340164 -99.99 0.019 54357.341831 17.187 0.02 54357.338497 17.007 0.015 54357.339331 16.942 0.012 54357.340997 16.894 0.016
23.201735 1.029917 54359.371884 -99.99 0.033 54359.373551 17.57 0.02 54359.370217 17.263 0.013 54359.371051 17.134 0.016 54359.372717 17.098 0.022
23.201735 1.029917 54362.389976 18.634 0.032 54362.391642 17.494 0.029 54362.388309 17.175 0.014 54362.389142 17.095 0.019 54362.390809 17.048 0.016
23.201735 1.029917 54376.38506 18.379 0.019 54376.386727 17.189 0.022 54376.383394 16.98 0.013 54376.384227 16.925 0.015 54376.385894 16.918 0.015
23.201735 1.029917 54382.37018 18.317 0.019 54382.371847 17.137 0.014 54382.368514 17.039 0.014 54382.369347 16.99 0.014 54382.371014 16.928 0.019
23.201735 1.029917 54385.38798 18.676 0.029 54385.389647 17.572 0.017 54385.386314 17.325 0.012 54385.387147 17.2 0.015 54385.388814 17.129 0.022
23.201735 1.029917 54390.380895 -99.99 0.022 54390.382562 16.924 0.02 54390.379228 16.867 0.016 54390.380062 16.841 0.015 54390.381728 16.829 0.016
23.201735 1.029917 54391.389333 18.706 0.046 54391.391 17.589 0.025 54391.387666 17.316 0.011 54391.3885 17.156 0.01 54391.390166 17.19 0.057
23.201735 1.029917 54402.381646 18.822 0.048 54402.383312 17.574 0.027 54402.379979 17.277 0.02 54402.380812 17.132 0.014 54402.382479 17.095 0.02
