-20.559865 -0.425545 51075.2429 21.943 0.22 51075.244566 20.835 0.036 51075.241233 20.493 0.037 51075.242066 20.426 0.058 51075.243733 20.352 0.213
-20.559865 -0.425545 51464.230784 21.321 0.125 51464.23245 19.86 0.019 51464.229117 19.852 0.019 51464.22995 19.89 0.026 51464.231617 20.12 0.114
-20.559865 -0.425545 51467.321772 22.729 0.769 51467.323438 20.862 0.055 51467.320105 20.639 0.054 51467.320938 20.484 0.067 51467.322605 20.03 0.196
-20.559865 -0.425545 51819.297836 20.88 0.094 51819.299502 19.639 0.015 51819.296169 19.704 0.021 51819.297002 19.789 0.026 51819.298669 19.726 0.088
-20.559865 -0.425545 52172.3635 21.959 0.239 52172.365166 20.635 0.032 52172.361833 20.375 0.029 52172.362666 20.321 0.038 52172.364333 20.393 0.171
-20.559865 -0.425545 52197.256539 22.141 0.283 52197.258205 20.835 0.031 52197.254872 20.601 0.034 52197.255705 20.521 0.04 52197.257372 20.212 0.127
-20.559865 -0.425545 52231.142501 22.057 0.264 52231.144167 20.806 0.031 52231.140834 20.481 0.034 52231.141667 20.411 0.038 52231.143334 20.441 0.156
-20.559865 -0.425545 52557.250506 22.541 0.487 52557.252172 20.885 0.039 52557.248839 20.593 0.036 52557.249672 20.473 0.043 52557.251339 20.267 0.159
-20.559865 -0.425545 52558.263037 21.965 0.208 52558.264703 20.828 0.029 52558.26137 20.457 0.029 52558.262203 20.328 0.036 52558.26387 20.6 0.174
-20.559865 -0.425545 52577.15053 21.311 0.125 52577.152196 20.278 0.023 52577.148863 20.165 0.029 52577.149696 20.181 0.043 52577.151363 20.168 0.158
-20.559865 -0.425545 52578.146585 20.817 0.085 52578.148251 19.589 0.013 52578.144918 19.713 0.018 52578.145751 19.713 0.021 52578.147418 20.005 0.097
-20.559865 -0.425545 52929.176813 22.307 0.339 52929.178479 20.799 0.03 52929.175146 20.555 0.033 52929.175979 20.393 0.038 52929.177646 20.467 0.161
-20.559865 -0.425545 52931.164693 21.557 0.125 52931.166359 20.425 0.023 52931.163026 20.249 0.024 52931.163859 20.174 0.03 52931.165526 20.026 0.099
-20.559865 -0.425545 52934.156968 22.571 0.487 52934.158634 20.857 0.033 52934.155301 20.605 0.041 52934.156134 20.48 0.046 52934.157801 20.312 0.145
-20.559865 -0.425545 52935.161657 21.646 0.164 52935.163323 20.847 0.031 52935.15999 20.486 0.032 52935.160823 20.372 0.041 52935.16249 20.175 0.135
-20.559865 -0.425545 52936.152895 21.679 0.156 52936.154561 20.292 0.02 52936.151228 20.189 0.022 52936.152061 20.126 0.027 52936.153728 20.191 0.106
-20.559865 -0.425545 53270.21696 21.806 0.225 53270.218627 20.961 0.051 53270.215293 20.595 0.036 53270.216127 20.488 0.041 53270.217793 20.136 0.098
-20.559865 -0.425545 53272.266902 21.302 0.254 53272.268568 20.382 0.052 53272.265235 20.24 0.04 53272.266068 20.095 0.037 53272.267735 19.961 0.11
-20.559865 -0.425545 53286.235619 21.366 0.18 53286.237285 20.444 0.026 53286.233952 20.207 0.029 53286.234785 20.126 0.031 53286.236452 20.205 0.114
-20.559865 -0.425545 53288.19411 22.058 0.282 53288.195776 20.839 0.033 53288.192443 20.63 0.033 53288.193276 20.553 0.039 53288.194943 20.468 0.15
-20.559865 -0.425545 53294.221424 21.535 0.243 53294.22309 20.873 0.04 53294.219757 20.588 0.049 53294.22059 20.46 0.063 53294.222257 20.359 0.21
-20.559865 -0.425545 53302.189777 22.119 0.714 53302.191443 20.803 0.1 53302.18811 20.658 0.086 53302.188943 20.503 0.07 53302.19061 20.549 0.212
-20.559865 -0.425545 53312.145311 21.85 0.177 53312.146978 20.878 0.034 53312.143644 20.652 0.048 53312.144478 20.453 0.055 53312.146144 20.893 0.291
-20.559865 -0.425545 53313.154857 22.135 0.312 53313.156523 20.611 0.031 53313.15319 20.319 0.037 53313.154023 20.303 0.046 53313.15569 20.069 0.157
-20.559865 -0.425545 53314.146506 21.467 0.147 53314.148172 20.162 0.019 53314.144839 20.094 0.024 53314.145672 19.99 0.028 53314.147339 20.055 0.121
-20.559865 -0.425545 53616.250874 21.384 0.271 53616.25254 20.682 0.041 53616.249207 20.361 0.04 53616.25004 20.239 0.051 53616.251707 20.328 0.223
-20.559865 -0.425545 53623.241085 21.862 0.317 53623.242751 20.835 0.066 53623.239418 20.636 0.043 53623.240251 20.55 0.056 53623.241918 20.206 0.336
-20.559865 -0.425545 53626.227297 21.936 0.359 53626.228963 20.254 0.037 53626.22563 -99.99 0.1 53626.226463 20.115 0.038 53626.22813 19.826 0.101
-20.559865 -0.425545 53628.212163 22.547 1.238 53628.213829 20.794 0.099 53628.210496 20.532 0.077 53628.211329 20.45 0.074 53628.212996 20.295 0.184
-20.559865 -0.425545 53636.219104 21.385 0.193 53636.22077 19.942 0.024 53636.217437 19.867 0.024 53636.21827 19.94 0.032 53636.219937 19.863 0.1
-20.559865 -0.425545 53637.213778 21.456 0.271 53637.215444 20.936 0.062 53637.212111 20.693 0.053 53637.212944 20.606 0.072 53637.214611 20.154 0.19
-20.559865 -0.425545 53638.254892 21.955 0.221 53638.256558 20.868 0.037 53638.253225 20.562 0.038 53638.254058 20.429 0.043 53638.255725 20.485 0.159
-20.559865 -0.425545 53644.206247 22.195 0.229 53644.207913 20.668 0.025 53644.20458 20.401 0.024 53644.205413 20.322 0.03 53644.20708 20.139 0.084
-20.559865 -0.425545 53654.240847 21.497 0.211 53654.242513 20.565 0.037 53654.23918 20.298 0.035 53654.240013 20.301 0.05 53654.24168 20.049 0.146
-20.559865 -0.425545 53656.18844 22.644 1.481 53656.190106 20.774 0.117 53656.186773 20.424 0.087 53656.187606 20.53 0.096 53656.189273 20.251 0.231
-20.559865 -0.425545 53663.20175 22.05 0.43 53663.203416 20.612 0.047 53663.200083 20.332 0.034 53663.200916 20.295 0.035 53663.202583 20.22 0.11
-20.559865 -0.425545 53664.216068 21.298 0.372 53664.217734 20.178 0.054 53664.214401 20.057 0.043 53664.215234 20.025 0.051 53664.216901 20.022 0.18
-20.559865 -0.425545 53666.17967 22.184 0.237 53666.181336 20.883 0.031 53666.178003 20.559 0.034 53666.178836 20.535 0.049 53666.180503 20.271 0.151
-20.559865 -0.425545 53668.191349 21.947 0.292 53668.193015 20.48 0.026 53668.189682 20.289 0.032 53668.190515 20.14 0.041 53668.192182 20.175 0.167
-20.559865 -0.425545 53670.196202 22.269 0.311 53670.197868 20.948 0.034 53670.194535 20.663 0.038 53670.195368 20.598 0.052 53670.197035 20.866 0.226
-20.559865 -0.425545 53673.164185 21.602 0.207 53673.165851 20.157 0.02 53673.162518 20.018 0.026 53673.163351 19.992 0.032 53673.165018 20.143 0.133
-20.559865 -0.425545 53675.161073 21.922 0.252 53675.162739 20.897 0.034 53675.159406 20.629 0.041 53675.160239 20.469 0.046 53675.161906 20.505 0.175
-20.559865 -0.425545 53676.249036 22.109 0.277 53676.250702 20.867 0.031 53676.247369 20.509 0.031 53676.248202 20.421 0.039 53676.249869 20.311 0.123
-20.559865 -0.425545 53677.182105 21.799 0.183 53677.183771 20.594 0.024 53677.180438 20.359 0.027 53677.181271 20.313 0.035 53677.182938 20.142 0.098
-20.559865 -0.425545 53679.22092 20.832 0.125 53679.222586 19.567 0.016 53679.219253 19.625 0.022 53679.220086 19.669 0.03 53679.221753 19.901 0.131
-20.559865 -0.425545 53680.168772 22.013 0.235 53680.170438 20.9 0.031 53680.167105 20.625 0.033 53680.167938 20.518 0.038 53680.169605 20.317 0.112
-20.559865 -0.425545 53685.17148 21.488 0.445 53685.173146 20.823 0.127 53685.169813 20.573 0.087 53685.170646 20.416 0.084 53685.172313 20.057 0.19
-20.559865 -0.425545 53686.235469 21.293 0.814 53686.237135 20.617 0.177 53686.233802 20.416 0.111 53686.234635 20.346 0.094 53686.236302 20.323 0.324
-20.559865 -0.425545 53687.209823 21.086 0.42 53687.211489 20.34 0.088 53687.208156 20.314 0.067 53687.208989 20.319 0.065 53687.210656 20.352 0.193
-20.559865 -0.425545 53693.170672 22.018 0.567 53693.172338 20.158 0.043 53693.169005 20.131 0.033 53693.169838 20.162 0.036 53693.171505 20.195 0.127
-20.559865 -0.425545 53702.166375 20.615 0.174 53702.168042 19.659 0.028 53702.164708 19.684 0.036 53702.165542 19.812 0.057 53702.167208 20.313 0.348
-20.559865 -0.425545 53704.153997 21.567 0.205 53704.155663 20.85 0.037 53704.15233 20.683 0.045 53704.153163 20.377 0.046 53704.15483 20.208 0.155
-20.559865 -0.425545 53989.250078 25.508 99.999 53989.251745 20.73 0.059 53989.248411 20.375 0.04 53989.249245 20.329 0.043 53989.250911 20.415 0.14
-20.559865 -0.425545 53995.239329 21.364 0.106 53995.240995 20.027 0.024 53995.237662 19.984 0.018 53995.238495 19.986 0.021 53995.240162 19.844 0.062
-20.559865 -0.425545 53998.215443 21.883 0.156 53998.21711 20.823 0.026 53998.213776 20.426 0.03 53998.21461 20.354 0.034 53998.216276 20.472 0.12
-20.559865 -0.425545 54000.225469 20.814 0.106 54000.227136 19.7 0.018 54000.223802 19.74 0.021 54000.224636 19.863 0.029 54000.226302 19.972 0.113
-20.559865 -0.425545 54007.275616 22.021 0.218 54007.277283 20.895 0.031 54007.27395 20.624 0.031 54007.274783 20.469 0.042 54007.27645 20.248 0.12
-20.559865 -0.425545 54009.199391 21.115 0.135 54009.201057 19.933 0.025 54009.197724 19.848 0.022 54009.198557 19.92 0.026 54009.200224 19.811 0.08
-20.559865 -0.425545 54010.201007 22.022 0.272 54010.202673 20.883 0.048 54010.19934 20.674 0.041 54010.200173 20.59 0.045 54010.20184 20.354 0.108
-20.559865 -0.425545 54011.263874 22.316 0.572 54011.265541 20.917 0.066 54011.262207 20.603 0.042 54011.263041 20.44 0.042 54011.264707 20.545 0.135
-20.559865 -0.425545 54012.193769 21.408 0.285 54012.195436 20.87 0.083 54012.192103 20.355 0.048 54012.192936 20.361 0.053 54012.194603 20.461 0.15
-20.559865 -0.425545 54019.214107 20.78 0.1 54019.215774 19.561 0.021 54019.212441 19.646 0.017 54019.213274 19.745 0.022 54019.214941 19.771 0.061
-20.559865 -0.425545 54025.262892 21.565 0.277 54025.264559 20.891 0.04 54025.261226 20.684 0.052 54025.262059 20.504 0.057 54025.263726 20.664 0.238
-20.559865 -0.425545 54029.193254 21.78 0.211 54029.19492 20.909 0.032 54029.191587 20.604 0.034 54029.19242 20.631 0.045 54029.194087 20.497 0.17
-20.559865 -0.425545 54030.193322 22.008 0.175 54030.194988 20.894 0.028 54030.191655 20.596 0.029 54030.192488 20.426 0.034 54030.194155 20.299 0.099
-20.559865 -0.425545 54037.174581 21.524 0.182 54037.176248 19.901 0.026 54037.172914 19.915 0.028 54037.173748 20.005 0.038 54037.175414 19.715 0.114
-20.559865 -0.425545 54050.173669 21.755 0.537 54050.175336 20.62 0.042 54050.172002 20.24 0.042 54050.172836 20.319 0.073 54050.174502 20.164 0.234
-20.559865 -0.425545 54053.179827 22.055 0.299 54053.181494 20.913 0.038 54053.17816 20.614 0.041 54053.178994 20.444 0.056 54053.18066 20.619 0.242
-20.559865 -0.425545 54056.181531 21.131 0.187 54056.183198 19.906 0.032 54056.179865 19.923 0.043 54056.180698 19.937 0.063 54056.182365 20.051 0.222
-20.559865 -0.425545 54068.170666 22.953 1.974 54068.172333 20.95 0.149 54068.168999 20.814 0.131 54068.169833 20.456 0.11 54068.171499 20.2 0.236
-20.559865 -0.425545 54358.216464 21.378 0.22 54358.21813 20.296 0.046 54358.214797 20.12 0.033 54358.21563 20.095 0.041 54358.217297 20.247 0.173
-20.559865 -0.425545 54365.249534 22.5 0.553 54365.2512 20.818 0.05 54365.247867 20.571 0.037 54365.2487 20.475 0.042 54365.250367 20.41 0.148
-20.559865 -0.425545 54373.323715 21.515 0.515 54373.325382 20.281 0.063 54373.322049 20.297 0.057 54373.322882 20.134 0.047 54373.324549 20.154 0.149
-20.559865 -0.425545 54382.258643 21.865 0.274 54382.26031 20.273 0.027 54382.256977 20.168 0.031 54382.25781 20.136 0.038 54382.259477 20.155 0.156
-20.559865 -0.425545 54385.266782 21.871 0.239 54385.268449 20.774 0.044 54385.265115 20.56 0.033 54385.265949 20.431 0.043 54385.267615 20.354 0.14
-20.559865 -0.425545 54386.261428 21.701 0.191 54386.263094 20.67 0.029 54386.259761 20.368 0.028 54386.260594 20.334 0.031 54386.262261 20.274 0.11
-20.559865 -0.425545 54388.265657 21.186 0.146 54388.267324 20.138 0.022 54388.26399 20.176 0.027 54388.264824 20.218 0.034 54388.26649 20.131 0.125
-20.559865 -0.425545 54392.262021 21.366 0.166 54392.263688 19.929 0.027 54392.260354 19.81 0.046 54392.261188 20.008 0.038 54392.262854 19.699 0.123
-20.559865 -0.425545 54403.179453 22.315 0.511 54403.18112 20.871 0.058 54403.177786 20.589 0.048 54403.17862 20.49 0.051 54403.180286 20.366 0.162
-20.559865 -0.425545 54404.186052 22.094 0.228 54404.187719 20.697 0.029 54404.184385 20.467 0.028 54404.185219 20.297 0.03 54404.186885 20.17 0.099
-20.559865 -0.425545 54406.173282 20.876 0.092 54406.174949 19.763 0.018 54406.171616 19.889 0.022 54406.172449 19.979 0.028 54406.174116 19.767 0.097
-20.559865 -0.425545 54412.176209 21.592 0.209 54412.177876 20.891 0.034 54412.174543 20.627 0.058 54412.175376 20.406 0.045 54412.177043 20.292 0.13
