-21.106805 -1.240602 51467.320246 18.661 0.026 51467.321912 17.417 0.005 51467.318579 17.342 0.006 51467.319412 17.347 0.007 51467.321079 17.362 0.02
-21.106805 -1.240602 51819.296255 19.407 0.034 51819.297921 18.224 0.008 51819.294588 17.947 0.007 51819.295421 17.852 0.008 51819.297088 17.817 0.021
-21.106805 -1.240602 52172.311838 19.156 0.026 52172.313504 17.965 0.007 52172.310171 17.716 0.006 52172.311004 17.616 0.007 52172.312671 17.555 0.018
-21.106805 -1.240602 52172.36198 19.26 0.031 52172.363646 18.151 0.007 52172.360313 17.852 0.007 52172.361146 17.69 0.008 52172.362813 17.614 0.019
-21.106805 -1.240602 52558.261522 19.42 0.029 52558.263188 18.188 0.007 52558.259855 17.901 0.007 52558.260688 17.776 0.007 52558.262355 17.747 0.018
-21.106805 -1.240602 52577.149015 19.385 0.028 52577.150681 18.129 0.007 52577.147348 17.813 0.006 52577.148181 17.679 0.008 52577.149848 17.643 0.02
-21.106805 -1.240602 52586.152493 18.393 0.015 52586.154159 17.095 0.004 52586.150826 17.143 0.005 52586.151659 17.195 0.006 52586.153326 17.215 0.014
-21.106805 -1.240602 52931.163177 19.428 0.029 52931.164843 18.244 0.007 52931.16151 17.999 0.007 52931.162343 17.9 0.008 52931.16401 17.808 0.018
-21.106805 -1.240602 52935.16014 18.971 0.023 52935.161806 17.739 0.006 52935.158473 17.565 0.006 52935.159306 17.478 0.007 52935.160973 17.425 0.015
-21.106805 -1.240602 53313.153342 19.503 0.035 53313.155008 18.307 0.008 53313.151675 18.021 0.007 53313.152508 17.879 0.009 53313.154175 17.885 0.024
-21.106805 -1.240602 53622.262584 19.397 0.041 53622.26425 18.191 0.008 53622.260917 17.898 0.007 53622.26175 17.74 0.009 53622.263417 17.712 0.024
-21.106805 -1.240602 53625.258549 18.348 0.016 53625.260215 17.096 0.005 53625.256882 17.125 0.006 53625.257715 17.177 0.007 53625.259382 17.188 0.012
-21.106805 -1.240602 53634.212054 19.523 0.108 53634.21372 18.223 0.016 53634.210387 17.904 0.011 53634.21122 17.775 0.012 53634.212887 17.75 0.035
-21.106805 -1.240602 53636.217587 18.991 0.028 53636.219253 17.709 0.006 53636.21592 17.537 0.006 53636.216753 17.483 0.007 53636.21842 17.471 0.016
-21.106805 -1.240602 53655.189593 18.807 0.035 53655.191259 17.639 0.007 53655.187926 -99.99 0.006 53655.188759 17.433 0.007 53655.190426 17.401 0.019
-21.106805 -1.240602 53664.214551 19.515 0.066 53664.216217 18.275 0.012 53664.212884 18.034 0.009 53664.213717 17.889 0.01 53664.215384 17.795 0.026
-21.106805 -1.240602 53666.178153 19.321 0.028 53666.179819 18.119 0.007 53666.176486 17.827 0.007 53666.177319 17.694 0.008 53666.178986 17.654 0.019
-21.106805 -1.240602 53669.173791 18.181 0.014 53669.175457 16.906 0.005 53669.172124 17.035 0.005 53669.172957 17.112 0.006 53669.174624 17.132 0.012
-21.106805 -1.240602 53671.258579 -99.99 0.072 53671.260245 18.271 0.009 53671.256912 17.973 0.009 53671.257745 17.865 0.01 53671.259412 -99.99 0.032
-21.106805 -1.240602 53674.158027 18.762 0.02 53674.159693 17.477 0.005 53674.15636 17.398 0.006 53674.157193 17.388 0.006 53674.15886 17.378 0.015
-21.106805 -1.240602 53676.247521 18.172 0.016 53676.249187 16.938 0.005 53676.245854 17.028 0.005 53676.246687 17.117 0.006 53676.248354 17.127 0.012
-21.106805 -1.240602 53679.219404 19.43 0.038 53679.22107 18.17 0.007 53679.217737 17.873 0.007 53679.21857 17.738 0.008 53679.220237 17.706 0.021
-21.106805 -1.240602 53681.210916 18.726 0.021 53681.212582 17.485 0.005 53681.209249 17.39 0.006 53681.210082 17.366 0.006 53681.211749 17.352 0.013
-21.106805 -1.240602 53685.169962 19.268 0.061 53685.171628 18.131 0.013 53685.168295 17.817 0.01 53685.169128 17.713 0.01 53685.170795 17.63 0.022
-21.106805 -1.240602 53687.208308 -99.99 0.06 53687.209974 17.633 0.009 53687.206641 17.5 0.007 53687.207474 17.418 0.008 53687.209141 17.421 0.017
-21.106805 -1.240602 53694.183849 18.367 0.04 53694.185515 17.134 0.007 53694.182182 17.161 0.007 53694.183015 17.18 0.008 53694.184682 17.17 0.022
-21.106805 -1.240602 53697.167939 19.304 0.041 53697.169605 18.227 0.009 53697.166272 17.9 0.009 53697.167105 17.755 0.009 53697.168772 17.73 0.023
-21.106805 -1.240602 53700.166899 18.486 0.019 53700.168565 17.251 0.005 53700.165232 17.236 0.005 53700.166065 17.267 0.006 53700.167732 17.293 0.014
-21.106805 -1.240602 53705.153569 19.018 0.025 53705.155235 17.778 0.006 53705.151902 17.588 0.006 53705.152735 17.506 0.007 53705.154402 17.46 0.015
-21.106805 -1.240602 53975.238581 18.26 0.016 53975.240248 16.99 0.019 53975.236915 17.088 0.019 53975.237748 17.185 0.018 53975.239415 17.176 0.026
-21.106805 -1.240602 53993.306369 19.101 0.024 53993.308035 17.879 0.025 53993.304702 17.674 0.017 53993.305535 17.574 0.015 53993.307202 17.51 0.02
-21.106805 -1.240602 53996.24529 19.312 0.034 53996.246956 18.171 0.016 53996.243623 17.927 0.017 53996.244456 17.799 0.012 53996.246123 17.783 0.025
-21.106805 -1.240602 53998.213921 19.179 0.03 53998.215587 17.977 0.017 53998.212254 17.706 0.018 53998.213087 17.609 0.013 53998.214754 17.55 0.019
-21.106805 -1.240602 54005.244159 19.095 0.025 54005.245825 17.913 0.019 54005.242492 17.658 0.013 54005.243325 17.59 0.014 54005.244992 17.528 0.019
-21.106805 -1.240602 54010.199404 19.301 0.035 54010.201071 18.143 0.018 54010.197738 17.837 0.016 54010.198571 17.724 0.018 54010.200238 17.613 0.024
-21.106805 -1.240602 54012.192277 18.661 0.032 54012.193944 17.446 0.021 54012.19061 17.334 0.014 54012.191444 17.309 0.017 54012.19311 17.341 0.02
-21.106805 -1.240602 54020.198236 19.428 0.032 54020.199903 18.256 0.022 54020.196569 17.982 0.016 54020.197403 17.872 0.015 54020.199069 17.823 0.021
-21.106805 -1.240602 54022.247517 19.376 0.03 54022.249184 18.213 0.022 54022.24585 17.946 0.018 54022.246684 17.836 0.018 54022.24835 17.736 0.024
-21.106805 -1.240602 54028.188626 19.386 0.031 54028.190293 18.24 0.012 54028.186959 17.914 0.014 54028.187793 17.756 0.016 54028.189459 17.726 0.021
-21.106805 -1.240602 54030.191785 19 0.022 54030.193452 17.855 0.028 54030.190119 17.639 0.012 54030.190952 17.555 0.012 54030.192619 17.494 0.018
-21.106805 -1.240602 54035.267564 19.319 0.041 54035.26923 18.224 0.021 54035.265897 17.92 0.016 54035.26673 17.786 0.015 54035.268397 17.784 0.023
-21.106805 -1.240602 54037.173033 18.766 0.024 54037.174699 17.529 0.021 54037.171366 17.406 0.012 54037.172199 17.386 0.011 54037.173866 17.401 0.019
-21.106805 -1.240602 54040.187554 19.467 0.066 54040.189221 18.219 0.019 54040.185888 17.924 0.014 54040.186721 17.775 0.015 54040.188388 17.732 0.024
-21.106805 -1.240602 54050.172143 18.664 0.027 54050.17381 17.375 0.013 54050.170477 17.302 0.021 54050.17131 -99.99 0.037 54050.172977 17.28 0.026
-21.106805 -1.240602 54053.178288 19.42 0.038 54053.179954 18.233 0.02 54053.176621 17.907 0.019 54053.177454 17.744 0.018 54053.179121 17.735 0.023
-21.106805 -1.240602 54056.179983 18.896 0.067 54056.18165 17.564 0.023 54056.178317 17.491 0.032 54056.17915 17.471 0.025 54056.180817 17.401 0.048
-21.106805 -1.240602 54057.148629 18.155 0.024 54057.150295 16.917 0.022 54057.146962 17.046 0.015 54057.147795 17.107 0.011 54057.149462 17.146 0.018
-21.106805 -1.240602 54059.174258 19.463 0.042 54059.175924 18.228 0.02 54059.172591 17.937 0.011 54059.173424 17.799 0.017 54059.175091 17.743 0.025
-21.106805 -1.240602 54061.185314 19.226 0.028 54061.18698 18.078 0.029 54061.183647 17.769 0.016 54061.18448 17.639 0.019 54061.186147 17.687 0.03
-21.106805 -1.240602 54062.179156 18.947 0.031 54062.180823 -99.99 0.026 54062.17749 17.517 0.028 54062.178323 17.496 0.015 54062.17999 17.429 0.032
-21.106805 -1.240602 54068.169117 18.971 0.056 54068.170784 17.792 0.022 54068.16745 17.63 0.03 54068.168284 17.506 0.016 54068.16995 17.436 0.024
-21.106805 -1.240602 54357.217453 18.121 0.02 54357.21912 16.907 0.021 54357.215787 16.989 0.013 54357.21662 17.093 0.016 54357.218287 17.114 0.016
-21.106805 -1.240602 54365.215303 19.403 0.045 54365.216969 18.199 0.016 54365.213636 17.948 0.017 54365.214469 17.811 0.013 54365.216136 17.752 0.027
-21.106805 -1.240602 54376.27597 18.623 0.021 54376.277637 17.351 0.012 54376.274304 17.278 0.016 54376.275137 17.309 0.015 54376.276804 17.283 0.022
-21.106805 -1.240602 54385.265279 19.378 0.037 54385.266946 18.223 0.023 54385.263613 17.932 0.014 54385.264446 17.811 0.014 54385.266113 17.755 0.023
-21.106805 -1.240602 54387.265773 19.162 0.033 54387.26744 17.957 0.025 54387.264107 17.668 0.012 54387.26494 17.613 0.016 54387.266607 17.59 0.022
-21.106805 -1.240602 54392.260524 19.437 0.064 54392.26219 18.209 0.019 54392.258857 17.896 0.013 54392.25969 17.729 0.022 54392.261357 17.686 0.022
-21.106805 -1.240602 54402.258993 18.109 0.029 54402.260659 16.906 0.019 54402.257326 16.975 0.019 54402.258159 17.124 0.011 54402.259826 17.094 0.022
