-23.105946 -0.632484 52172.306282 18.845 0.024 52172.307948 17.485 0.005 52172.304615 17.374 0.006 52172.305448 17.353 0.006 52172.307115 17.337 0.014
-23.105946 -0.632484 52172.356463 19.077 0.032 52172.358129 17.714 0.006 52172.354796 17.527 0.006 52172.355629 17.47 0.007 52172.357296 17.438 0.016
-23.105946 -0.632484 52197.249476 18.864 0.023 52197.251142 17.507 0.005 52197.247809 17.373 0.006 52197.248642 17.343 0.006 52197.250309 17.354 0.013
-23.105946 -0.632484 52231.13545 19.169 0.027 52231.137116 17.836 0.006 52231.133783 17.618 0.006 52231.134616 17.559 0.007 52231.136283 17.576 0.015
-23.105946 -0.632484 52557.243454 18.758 0.022 52557.24512 17.422 0.005 52557.241787 17.372 0.005 52557.24262 17.363 0.006 52557.244287 17.356 0.014
-23.105946 -0.632484 52558.255985 18.65 0.02 52558.257651 17.309 0.005 52558.254318 17.254 0.005 52558.255151 17.277 0.006 52558.256818 17.26 0.013
-23.105946 -0.632484 52577.143478 18.716 0.021 52577.145144 17.344 0.005 52577.141811 17.307 0.005 52577.142644 17.347 0.006 52577.144311 17.356 0.016
-23.105946 -0.632484 52578.139533 18.705 0.02 52578.141199 17.346 0.005 52578.137866 17.295 0.006 52578.138699 17.278 0.006 52578.140366 17.281 0.013
-23.105946 -0.632484 52586.146956 19.04 0.025 52586.148622 17.708 0.005 52586.145289 17.529 0.006 52586.146122 17.469 0.006 52586.147789 17.458 0.015
-23.105946 -0.632484 52929.16976 18.886 0.023 52929.171426 17.568 0.005 52929.168093 17.414 0.006 52929.168926 17.379 0.006 52929.170593 17.346 0.013
-23.105946 -0.632484 52931.15764 19.122 0.026 52931.159306 17.772 0.006 52931.155973 17.596 0.006 52931.156806 17.518 0.006 52931.158473 17.52 0.015
-23.105946 -0.632484 52934.149916 18.746 0.022 52934.151582 17.355 0.005 52934.148249 17.305 0.005 52934.149082 17.311 0.006 52934.150749 17.325 0.014
-23.105946 -0.632484 52935.154604 18.819 0.023 52935.15627 17.459 0.005 52935.152937 17.377 0.006 52935.15377 17.345 0.006 52935.155437 17.314 0.014
-23.105946 -0.632484 52936.145843 19.02 0.022 52936.147509 17.676 0.006 52936.144176 17.513 0.006 52936.145009 17.442 0.007 52936.146676 17.468 0.014
-23.105946 -0.632484 53270.209913 18.839 0.025 53270.211579 17.501 0.018 53270.208246 17.406 0.015 53270.209079 17.381 0.016 53270.210746 17.409 0.018
-23.105946 -0.632484 53272.259851 18.923 0.042 53272.261517 17.626 0.007 53272.258184 17.471 0.006 53272.259017 17.415 0.006 53272.260684 17.444 0.015
-23.105946 -0.632484 53286.228568 19.167 0.033 53286.230234 17.82 0.006 53286.226901 17.628 0.006 53286.227734 17.556 0.006 53286.229401 17.499 0.016
-23.105946 -0.632484 53288.187057 18.938 0.026 53288.188723 17.576 0.005 53288.18539 17.486 0.006 53288.186223 17.451 0.006 53288.18789 17.384 0.014
-23.105946 -0.632484 53294.214372 18.749 0.024 53294.216039 17.45 0.02 53294.212706 17.329 0.018 53294.213539 17.331 0.046 53294.215206 17.33 0.02
-23.105946 -0.632484 53302.182726 18.735 0.038 53302.184392 17.423 0.007 53302.181059 17.341 0.006 53302.181892 17.327 0.007 53302.183559 17.31 0.015
-23.105946 -0.632484 53312.13826 19.072 0.03 53312.139926 17.773 0.013 53312.136593 17.589 0.018 53312.137426 17.54 0.021 53312.139093 17.572 0.026
-23.105946 -0.632484 53313.147805 18.735 0.024 53313.149471 17.367 0.005 53313.146138 17.344 0.005 53313.146971 17.357 0.006 53313.148638 17.365 0.017
-23.105946 -0.632484 53314.139453 18.688 0.02 53314.141119 17.329 0.005 53314.137786 17.296 0.006 53314.138619 17.291 0.006 53314.140286 17.348 0.014
-23.105946 -0.632484 53616.243823 18.841 0.03 53616.245489 17.473 0.005 53616.242156 17.37 0.005 53616.242989 17.378 0.006 53616.244656 17.369 0.018
-23.105946 -0.632484 53622.257048 18.85 0.029 53622.258714 17.498 0.005 53622.255381 17.355 0.005 53622.256214 17.338 0.006 53622.257881 17.352 0.017
-23.105946 -0.632484 53623.234033 19.033 0.03 53623.235699 17.74 0.006 53623.232366 17.521 0.006 53623.233199 17.459 0.006 53623.234866 17.422 0.015
-23.105946 -0.632484 53625.253013 18.987 0.024 53625.254679 17.656 0.006 53625.251346 17.53 0.007 53625.252179 17.495 0.007 53625.253846 17.428 0.013
-23.105946 -0.632484 53626.220246 18.898 0.032 53626.221912 17.513 0.006 53626.218579 17.462 0.006 53626.219412 17.418 0.007 53626.221079 17.389 0.015
-23.105946 -0.632484 53628.205112 18.721 0.046 53628.206778 17.326 0.007 53628.203445 17.265 0.006 53628.204278 17.257 0.006 53628.205945 17.286 0.016
-23.105946 -0.632484 53634.206518 18.618 0.049 53634.208184 17.259 0.007 53634.204851 17.226 0.006 53634.205684 17.227 0.007 53634.207351 17.237 0.019
-23.105946 -0.632484 53636.21205 19.073 0.033 53636.213716 17.763 0.006 53636.210383 17.562 0.007 53636.211216 17.495 0.007 53636.212883 17.472 0.016
-23.105946 -0.632484 53637.206725 19.15 0.035 53637.208391 17.817 0.006 53637.205058 17.625 0.006 53637.205891 17.535 0.007 53637.207558 17.493 0.019
-23.105946 -0.632484 53644.199178 18.982 0.024 53644.200845 17.631 0.016 53644.197512 17.501 0.015 53644.198345 17.455 0.013 53644.200012 17.466 0.018
-23.105946 -0.632484 53654.233795 19.199 0.031 53654.235461 17.811 0.006 53654.232128 17.6 0.007 53654.232961 17.517 0.007 53654.234628 17.52 0.017
-23.105946 -0.632484 53655.184057 -99.99 0.052 53655.185723 -99.99 0.008 53655.18239 17.552 0.007 53655.183223 17.522 0.007 53655.18489 17.532 0.02
-23.105946 -0.632484 53656.181388 18.927 0.058 53656.183054 17.666 0.009 53656.179721 17.531 0.008 53656.180554 17.446 0.008 53656.182221 17.414 0.024
-23.105946 -0.632484 53663.194697 18.758 0.027 53663.196363 17.399 0.006 53663.19303 17.325 0.006 53663.193863 17.323 0.007 53663.19553 17.338 0.013
-23.105946 -0.632484 53664.209014 18.772 0.038 53664.21068 17.377 0.006 53664.207347 17.305 0.006 53664.20818 17.305 0.006 53664.209847 17.252 0.016
-23.105946 -0.632484 53666.172616 19.016 0.025 53666.174282 17.654 0.006 53666.170949 17.527 0.006 53666.171782 17.449 0.006 53666.173449 17.445 0.015
-23.105946 -0.632484 53668.184297 18.974 0.028 53668.185963 17.636 0.005 53668.18263 17.517 0.006 53668.183463 17.44 0.006 53668.18513 17.477 0.018
-23.105946 -0.632484 53669.168255 18.697 0.021 53669.169921 17.387 0.005 53669.166588 17.33 0.006 53669.167421 17.331 0.006 53669.169088 17.317 0.014
-23.105946 -0.632484 53670.18915 18.782 0.023 53670.190816 17.394 0.005 53670.187483 17.327 0.005 53670.188316 17.312 0.006 53670.189983 17.364 0.014
-23.105946 -0.632484 53673.157133 19.163 0.029 53673.158799 17.813 0.006 53673.155466 17.606 0.006 53673.156299 17.517 0.006 53673.157966 17.514 0.016
-23.105946 -0.632484 53674.152489 19.088 0.029 53674.154155 17.756 0.006 53674.150822 17.608 0.006 53674.151655 17.552 0.006 53674.153322 17.517 0.015
-23.105946 -0.632484 53675.154022 18.803 0.022 53675.155688 17.453 0.005 53675.152355 17.371 0.006 53675.153188 17.368 0.006 53675.154855 17.394 0.014
-23.105946 -0.632484 53676.241984 18.868 0.027 53676.24365 17.558 0.005 53676.240317 17.428 0.006 53676.24115 17.385 0.006 53676.242817 17.371 0.013
-23.105946 -0.632484 53677.175053 18.881 0.022 53677.176719 17.522 0.005 53677.173386 17.392 0.006 53677.174219 17.348 0.006 53677.175886 17.36 0.012
-23.105946 -0.632484 53679.213868 18.973 0.032 53679.215534 17.676 0.006 53679.212201 17.568 0.006 53679.213034 17.508 0.006 53679.214701 17.474 0.018
-23.105946 -0.632484 53680.16172 19.121 0.027 53680.163386 17.746 0.006 53680.160053 17.59 0.006 53680.160886 17.541 0.006 53680.162553 17.543 0.014
-23.105946 -0.632484 53681.205379 18.664 0.022 53681.207045 17.325 0.005 53681.203712 17.268 0.006 53681.204545 17.293 0.006 53681.206212 17.275 0.012
-23.105946 -0.632484 53685.164426 19.068 0.056 53685.166092 17.796 0.01 53685.162759 17.604 0.008 53685.163592 17.524 0.008 53685.165259 17.484 0.018
-23.105946 -0.632484 53686.228419 18.859 0.086 53686.230085 17.418 0.01 53686.226752 17.324 0.008 53686.227585 17.324 0.008 53686.229252 17.352 0.021
-23.105946 -0.632484 53687.202771 18.6 0.051 53687.204437 17.356 0.007 53687.201104 17.312 0.007 53687.201937 17.324 0.007 53687.203604 17.292 0.015
-23.105946 -0.632484 53693.163621 18.723 0.031 53693.165287 17.4 0.006 53693.161954 17.361 0.006 53693.162787 17.318 0.006 53693.164454 17.325 0.013
-23.105946 -0.632484 53694.178313 18.635 0.052 53694.179979 17.308 0.008 53694.176646 17.246 0.007 53694.177479 17.241 0.008 53694.179146 17.208 0.021
-23.105946 -0.632484 53697.162403 19.162 0.044 53697.164069 17.802 0.007 53697.160736 17.634 0.008 53697.161569 17.547 0.008 53697.163236 17.558 0.022
-23.105946 -0.632484 53700.161363 18.683 0.023 53700.163029 17.371 0.005 53700.159696 17.3 0.005 53700.160529 17.33 0.006 53700.162196 17.314 0.014
-23.105946 -0.632484 53702.159319 19.044 0.042 53702.160986 17.705 0.014 53702.157652 17.515 0.016 53702.158486 17.457 0.025 53702.160152 17.426 0.029
-23.105946 -0.632484 53704.146946 19.115 0.029 53704.148612 17.774 0.006 53704.145279 17.618 0.006 53704.146112 17.53 0.006 53704.147779 17.498 0.016
-23.105946 -0.632484 53705.148033 18.732 0.026 53705.149699 17.394 0.005 53705.146366 17.34 0.005 53705.147199 17.339 0.006 53705.148866 17.328 0.014
-23.105946 -0.632484 53975.23304 19.114 0.029 53975.234706 17.785 0.023 53975.231373 17.635 0.012 53975.232206 17.542 0.02 53975.233873 17.509 0.027
-23.105946 -0.632484 53989.242993 18.66 0.028 53989.24466 17.277 0.015 53989.241326 17.282 0.017 53989.24216 17.249 0.019 53989.243826 17.299 0.019
-23.105946 -0.632484 53993.300848 18.739 0.024 53993.302515 17.384 0.021 53993.299182 17.352 0.014 53993.300015 17.352 0.021 53993.301682 17.312 0.015
-23.105946 -0.632484 53995.232252 18.71 0.025 53995.233918 17.343 0.016 53995.230585 17.266 0.017 53995.231418 17.253 0.012 53995.233085 17.269 0.017
-23.105946 -0.632484 53996.239768 18.756 0.022 53996.241434 17.433 0.019 53996.238101 17.348 0.012 53996.238934 17.284 0.015 53996.240601 17.28 0.016
-23.105946 -0.632484 53998.20839 19.037 0.026 53998.210057 17.696 0.017 53998.206724 17.512 0.019 53998.207557 17.454 0.018 53998.209224 17.442 0.02
-23.105946 -0.632484 54000.218406 18.938 0.028 54000.220073 17.605 0.023 54000.21674 17.469 0.015 54000.217573 17.434 0.017 54000.21924 17.455 0.018
-23.105946 -0.632484 54005.238634 19.097 0.036 54005.240301 17.748 0.014 54005.236968 17.595 0.014 54005.237801 17.526 0.012 54005.239468 17.499 0.021
-23.105946 -0.632484 54007.268596 18.732 0.024 54007.270263 17.414 0.02 54007.26693 17.264 0.012 54007.267763 17.29 0.019 54007.26943 17.294 0.017
-23.105946 -0.632484 54009.192335 18.847 0.025 54009.194001 17.485 0.019 54009.190668 17.371 0.015 54009.191501 17.363 0.014 54009.193168 17.306 0.02
-23.105946 -0.632484 54010.19387 19.013 0.033 54010.195537 17.742 0.022 54010.192203 17.542 0.015 54010.193037 17.48 0.015 54010.194703 17.436 0.017
-23.105946 -0.632484 54011.25684 18.973 0.034 54011.258507 17.696 0.015 54011.255174 17.519 0.015 54011.256007 17.479 0.023 54011.257674 17.468 0.017
-23.105946 -0.632484 54012.18672 19.013 0.041 54012.188386 17.744 0.025 54012.185053 17.597 0.014 54012.185886 17.519 0.034 54012.187553 17.47 0.022
-23.105946 -0.632484 54019.207028 18.67 0.023 54019.208695 17.349 0.013 54019.205361 17.265 0.012 54019.206195 17.289 0.014 54019.207861 17.326 0.022
-23.105946 -0.632484 54020.192684 18.691 0.022 54020.19435 17.329 0.018 54020.191017 17.283 0.012 54020.19185 17.277 0.011 54020.193517 17.272 0.019
-23.105946 -0.632484 54022.24197 19.036 0.028 54022.243637 17.807 0.017 54022.240303 17.592 0.016 54022.241137 17.538 0.011 54022.242803 17.46 0.022
-23.105946 -0.632484 54025.255844 18.698 0.038 54025.25751 17.372 0.019 54025.254177 17.307 0.017 54025.25501 17.3 0.018 54025.256677 17.259 0.018
-23.105946 -0.632484 54028.183068 19.003 0.028 54028.184734 17.704 0.017 54028.181401 17.529 0.019 54028.182234 17.459 0.018 54028.183901 17.424 0.022
-23.105946 -0.632484 54029.186191 19.112 0.03 54029.187857 17.84 0.015 54029.184524 17.635 0.014 54029.185357 17.568 0.014 54029.187024 17.495 0.018
-23.105946 -0.632484 54030.18625 19.006 0.024 54030.187917 17.705 0.015 54030.184583 17.566 0.014 54030.185417 17.49 0.014 54030.187083 17.446 0.018
-23.105946 -0.632484 54035.262061 18.782 0.034 54035.263727 17.475 0.022 54035.260394 17.378 0.015 54035.261227 17.386 0.016 54035.262894 17.404 0.027
-23.105946 -0.632484 54037.167505 18.791 0.023 54037.169172 17.452 0.016 54037.165839 17.361 0.016 54037.166672 17.358 0.012 54037.168339 17.332 0.019
-23.105946 -0.632484 54040.182051 19.003 0.05 54040.183718 17.719 0.018 54040.180385 17.512 0.019 54040.181218 17.455 0.015 54040.182885 17.506 0.025
-23.105946 -0.632484 54050.166619 18.628 0.026 54050.168286 17.301 0.012 54050.164952 17.273 0.02 54050.165786 17.264 0.016 54050.167452 17.252 0.028
-23.105946 -0.632484 54053.172762 19.095 0.033 54053.174428 17.752 0.023 54053.171095 17.58 0.017 54053.171928 17.531 0.016 54053.173595 17.502 0.031
-23.105946 -0.632484 54056.174463 18.678 0.029 54056.17613 17.304 0.019 54056.172797 17.261 0.015 54056.17363 17.254 0.033 54056.175297 17.25 0.02
-23.105946 -0.632484 54057.143094 18.729 0.03 54057.144761 17.373 0.018 54057.141428 17.301 0.015 54057.142261 17.297 0.014 54057.143928 17.289 0.019
-23.105946 -0.632484 54059.168708 18.983 0.031 54059.170375 17.823 0.023 54059.167042 17.568 0.012 54059.167875 17.509 0.016 54059.169542 17.507 0.028
-23.105946 -0.632484 54061.179755 18.703 0.029 54061.181422 17.373 0.025 54061.178088 17.303 0.016 54061.178922 17.286 0.014 54061.180588 17.249 0.021
-23.105946 -0.632484 54062.173612 18.678 0.033 54062.175278 17.303 0.021 54062.171945 17.243 0.019 54062.172778 17.235 0.014 54062.174445 17.311 0.025
-23.105946 -0.632484 54068.163582 18.633 0.063 54068.165248 17.332 0.014 54068.161915 17.26 0.02 54068.162748 17.254 0.02 54068.164415 17.273 0.025
-23.105946 -0.632484 54357.211953 18.709 0.026 54357.21362 17.366 0.018 54357.210286 17.31 0.014 54357.21112 17.355 0.015 54357.212786 17.352 0.024
-23.105946 -0.632484 54358.2094 18.667 0.029 54358.211067 17.334 0.014 54358.207734 17.234 0.015 54358.208567 17.288 0.019 54358.210234 17.289 0.026
-23.105946 -0.632484 54365.209761 18.862 0.03 54365.211427 17.509 0.016 54365.208094 17.349 0.013 54365.208927 17.338 0.012 54365.210594 17.389 0.017
-23.105946 -0.632484 54373.316669 18.772 0.085 54373.318336 17.404 0.02 54373.315002 -99.99 0.02 54373.315836 17.294 0.018 54373.317502 17.332 0.025
-23.105946 -0.632484 54376.270393 18.912 0.028 54376.27206 17.563 0.016 54376.268726 17.435 0.02 54376.26956 17.415 0.022 54376.271226 17.37 0.023
-23.105946 -0.632484 54382.251624 18.832 0.031 54382.25329 17.488 0.019 54382.249957 17.373 0.017 54382.25079 17.33 0.015 54382.252457 17.361 0.02
-23.105946 -0.632484 54385.259729 18.998 0.036 54385.261396 17.676 0.016 54385.258062 17.578 0.023 54385.258896 17.524 0.018 54385.260562 17.467 0.021
-23.105946 -0.632484 54386.254365 18.785 0.024 54386.256032 17.415 0.023 54386.252698 17.32 0.017 54386.253532 17.457 0.018 54386.255198 17.359 0.021
-23.105946 -0.632484 54387.260234 18.666 0.027 54387.261901 17.317 0.015 54387.258567 17.248 0.013 54387.259401 17.272 0.01 54387.261067 17.278 0.02
-23.105946 -0.632484 54388.258607 18.915 0.027 54388.260274 17.52 0.015 54388.256941 17.39 0.01 54388.257774 17.373 0.013 54388.259441 17.366 0.019
-23.105946 -0.632484 54392.255022 18.654 0.025 54392.256689 17.335 0.02 54392.253355 17.282 0.017 54392.254189 17.342 0.013 54392.255855 17.297 0.019
-23.105946 -0.632484 54402.25341 19.143 0.076 54402.255076 17.798 0.022 54402.251743 17.585 0.015 54402.252576 17.528 0.021 54402.254243 17.467 0.026
-23.105946 -0.632484 54403.172409 19.053 0.034 54403.174076 17.772 0.018 54403.170742 17.556 0.013 54403.171576 99.994 99.999 54403.173242 17.519 0.022
-23.105946 -0.632484 54406.166225 18.707 0.025 54406.167892 17.361 0.03 54406.164558 17.269 0.015 54406.165392 17.29 0.014 54406.167058 17.32 0.021
-23.105946 -0.632484 54412.169145 18.721 0.035 54412.170812 17.393 0.015 54412.167479 17.304 0.017 54412.168312 17.322 0.018 54412.169979 17.314 0.02
