32.104692 -0.579007 51075.388788 19.187 0.025 51075.390454 17.922 0.006 51075.387121 17.893 0.007 51075.387954 17.951 0.008 51075.389621 17.99 0.026
32.104692 -0.579007 51818.358443 19.915 0.043 51818.360109 18.75 0.009 51818.356776 18.48 0.009 51818.357609 18.38 0.009 51818.359276 18.394 0.026
32.104692 -0.579007 52170.409439 19.933 0.047 52170.411105 18.762 0.009 52170.407772 18.494 0.009 52170.408605 18.392 0.009 52170.410272 18.342 0.027
32.104692 -0.579007 52173.322862 19.453 0.038 52173.324528 18.186 0.007 52173.321195 18.108 0.008 52173.322028 18.044 0.009 52173.323695 18.052 0.027
32.104692 -0.579007 52224.302954 19.207 0.029 52224.30462 17.913 0.006 52224.301287 17.909 0.007 52224.30212 17.931 0.008 52224.303787 17.959 0.019
32.104692 -0.579007 52231.288367 19.97 0.046 52231.290033 18.755 0.009 52231.2867 18.501 0.009 52231.287533 18.404 0.009 52231.2892 18.356 0.026
32.104692 -0.579007 52234.259458 19.885 0.046 52234.261124 18.607 0.008 52234.257791 18.374 0.008 52234.258624 18.285 0.009 52234.260291 18.257 0.022
32.104692 -0.579007 52261.222812 19.888 0.045 52261.224478 18.719 0.009 52261.221145 18.476 0.009 52261.221978 18.394 0.009 52261.223645 18.373 0.026
32.104692 -0.579007 52287.103305 18.973 0.023 52287.104971 17.702 0.005 52287.101638 17.848 0.006 52287.102471 17.9 0.007 52287.104138 17.967 0.018
32.104692 -0.579007 52552.422007 19.844 0.055 52552.423673 18.719 0.009 52552.42034 18.483 0.009 52552.421173 18.373 0.011 52552.42284 18.355 0.035
32.104692 -0.579007 52557.396364 19.744 0.042 52557.39803 18.47 0.008 52557.394697 18.276 0.008 52557.39553 18.207 0.009 52557.397197 18.174 0.026
32.104692 -0.579007 52908.370932 19.536 0.038 52908.372598 18.336 0.007 52908.369265 18.186 0.008 52908.370098 18.111 0.008 52908.371765 18.165 0.026
32.104692 -0.579007 52912.35037 18.686 0.023 52912.352036 17.427 0.005 52912.348703 17.592 0.006 52912.349536 17.692 0.007 52912.351203 17.752 0.018
32.104692 -0.579007 52934.302835 19.988 0.05 52934.304501 18.772 0.009 52934.301168 18.483 0.009 52934.302001 18.379 0.01 52934.303668 18.364 0.03
32.104692 -0.579007 52936.298762 19.833 0.039 52936.300428 18.643 0.008 52936.297095 18.415 0.009 52936.297928 18.308 0.009 52936.299595 18.288 0.025
32.104692 -0.579007 53270.362857 20 0.047 53270.364524 18.773 0.017 53270.36119 18.517 0.019 53270.362024 18.372 0.017 53270.36369 18.342 0.025
32.104692 -0.579007 53272.412763 20.019 0.065 53272.414429 18.752 0.009 53272.411096 18.494 0.009 53272.411929 18.385 0.01 53272.413596 18.335 0.029
32.104692 -0.579007 53286.381482 19.938 0.052 53286.383148 18.737 0.009 53286.379815 18.482 0.009 53286.380648 18.404 0.009 53286.382315 18.377 0.027
32.104692 -0.579007 53288.339972 19.883 0.045 53288.341638 18.618 0.008 53288.338305 18.387 0.008 53288.339138 18.303 0.009 53288.340805 18.299 0.024
32.104692 -0.579007 53294.387647 19.427 0.035 53294.389313 18.1 0.007 53294.38598 18.021 0.007 53294.386813 18.033 0.008 53294.38848 18.003 0.022
32.104692 -0.579007 53296.334702 18.838 0.024 53296.336369 17.53 0.027 53296.333035 17.744 0.015 53296.333869 17.823 0.016 53296.335535 17.853 0.026
32.104692 -0.579007 53298.384425 19.09 0.03 53298.386091 17.891 0.006 53298.382758 17.993 0.008 53298.383591 17.986 0.009 53298.385258 17.973 0.025
32.104692 -0.579007 53302.335642 19.997 0.074 53302.337308 18.781 0.013 53302.333975 18.497 0.011 53302.334808 18.379 0.01 53302.336475 18.375 0.027
32.104692 -0.579007 53312.291229 19.608 0.049 53312.292896 18.361 0.019 53312.289562 18.343 0.016 53312.290396 18.28 0.022 53312.292062 18.258 0.031
32.104692 -0.579007 53314.292373 19.832 0.053 53314.294039 18.679 0.009 53314.290706 18.476 0.01 53314.291539 18.404 0.011 53314.293206 18.432 0.032
32.104692 -0.579007 53319.28017 -99.99 0.068 53319.281836 18.634 0.01 53319.278503 18.421 0.012 53319.279336 18.279 0.013 53319.281003 18.184 0.034
32.104692 -0.579007 53616.396727 -99.99 0.049 53616.398393 18.557 0.008 53616.39506 18.451 0.009 53616.395893 18.39 0.01 53616.39756 18.39 0.03
32.104692 -0.579007 53626.373154 19.513 0.039 53626.37482 -99.99 0.008 53626.371487 -99.99 0.011 53626.37232 -99.99 0.008 53626.373987 18.118 0.028
32.104692 -0.579007 53628.358019 19.28 0.043 53628.359685 17.932 0.008 53628.356352 17.885 0.008 53628.357185 17.933 0.008 53628.358852 17.947 0.023
32.104692 -0.579007 53637.359637 20.036 0.085 53637.361303 18.79 0.013 53637.35797 18.509 0.011 53637.358803 18.401 0.011 53637.36047 18.342 0.03
32.104692 -0.579007 53639.405015 19.958 0.052 53639.406681 18.768 0.009 53639.403348 18.481 0.009 53639.404181 18.377 0.009 53639.405848 18.37 0.025
32.104692 -0.579007 53641.404181 19.749 0.043 53641.405847 18.591 0.008 53641.402514 18.351 0.008 53641.403347 18.255 0.009 53641.405014 18.23 0.023
32.104692 -0.579007 53657.363065 19.656 0.08 53657.364731 18.545 0.014 53657.361398 18.311 0.012 53657.362231 18.22 0.012 53657.363898 18.253 0.036
32.104692 -0.579007 53663.347613 18.773 0.034 53663.349279 17.441 0.006 53663.345946 17.606 0.007 53663.346779 17.668 0.007 53663.348446 17.768 0.019
32.104692 -0.579007 53665.325584 -99.99 0.083 53665.32725 18.778 0.014 53665.323917 18.551 0.012 53665.32475 18.468 0.013 53665.326417 18.449 0.034
32.104692 -0.579007 53666.417703 18.888 0.036 53666.419369 17.618 0.006 53666.416036 17.78 0.007 53666.416869 17.842 0.008 53666.418536 17.839 0.02
32.104692 -0.579007 53668.337213 19.908 0.075 53668.338879 18.69 0.01 53668.335546 18.472 0.01 53668.336379 18.438 0.012 53668.338046 18.359 0.039
32.104692 -0.579007 53669.424834 19.847 0.086 53669.4265 18.657 0.011 53669.423167 18.465 0.011 53669.424 18.367 0.012 53669.425667 18.414 0.037
32.104692 -0.579007 53670.342065 20.127 0.069 53670.343731 18.747 0.009 53670.340398 18.492 0.009 53670.341231 18.383 0.01 53670.342898 18.377 0.03
32.104692 -0.579007 53673.310052 19.681 0.038 53673.311718 18.409 0.007 53673.308385 18.245 0.008 53673.309218 18.177 0.008 53673.310885 18.171 0.02
32.104692 -0.579007 53675.30694 19.474 0.034 53675.308606 18.159 0.006 53675.305273 18.071 0.007 53675.306106 18.032 0.008 53675.307773 18.046 0.022
32.104692 -0.579007 53677.32797 19.243 0.031 53677.329636 17.923 0.01 53677.326303 17.907 0.012 53677.327136 17.936 0.014 53677.328803 18.022 0.024
32.104692 -0.579007 53680.314638 19.624 0.037 53680.316304 18.383 0.007 53680.312971 18.366 0.008 53680.313804 18.308 0.009 53680.315471 18.339 0.025
32.104692 -0.579007 53683.373194 20.04 0.066 53683.37486 18.803 0.01 53683.371527 18.574 0.01 53683.37236 18.485 0.012 53683.374027 18.52 0.044
32.104692 -0.579007 53686.314069 19.872 0.114 53686.315735 18.744 0.017 53686.312402 18.493 0.015 53686.313235 18.366 0.012 53686.314902 18.291 0.031
32.104692 -0.579007 53693.31653 19.3 0.072 53693.318196 18.003 0.01 53693.314863 17.941 0.009 53693.315696 17.96 0.009 53693.317363 18.004 0.024
32.104692 -0.579007 53698.313919 19.859 0.058 53698.315585 18.758 0.01 53698.312252 18.535 0.009 53698.313085 18.45 0.01 53698.314752 18.468 0.029
32.104692 -0.579007 53704.299851 19.84 0.055 53704.301517 18.64 0.008 53704.298184 18.4 0.009 53704.299017 18.301 0.01 53704.300684 18.339 0.031
32.104692 -0.579007 53989.39598 19.972 0.084 53989.397646 18.774 0.029 53989.394313 18.485 0.015 53989.395146 18.346 0.013 53989.396813 18.395 0.026
32.104692 -0.579007 53995.434659 19.621 0.038 53995.436326 18.355 0.027 53995.432992 18.174 0.012 53995.433826 18.133 0.014 53995.435492 18.123 0.02
32.104692 -0.579007 54000.37133 19.949 0.055 54000.372997 18.788 0.023 54000.369663 18.559 0.021 54000.370497 18.502 0.019 54000.372163 18.514 0.032
32.104692 -0.579007 54007.421466 19.895 0.046 54007.423133 18.778 0.032 54007.4198 18.45 0.019 54007.420633 18.383 0.018 54007.4223 18.333 0.025
32.104692 -0.579007 54009.345253 19.572 0.031 54009.34692 18.312 0.026 54009.343587 18.176 0.017 54009.34442 18.112 0.014 54009.346087 18.148 0.022
32.104692 -0.579007 54011.40973 19.527 0.03 54011.411397 18.333 0.022 54011.408063 18.159 0.013 54011.408897 18.091 0.025 54011.410563 18.098 0.02
32.104692 -0.579007 54025.408786 19.77 0.049 54025.410452 18.622 0.019 54025.407119 18.359 0.015 54025.407952 18.267 0.017 54025.409619 18.335 0.029
32.104692 -0.579007 54346.402504 19.377 0.046 54346.40417 18.154 0.014 54346.400837 18.037 0.014 54346.40167 18.024 0.017 54346.403337 18.047 0.028
32.104692 -0.579007 54348.406481 19.044 0.031 54348.408147 17.792 0.016 54348.404814 17.798 0.022 54348.405647 17.87 0.019 54348.407314 17.907 0.022
32.104692 -0.579007 54358.362327 19.775 0.052 54358.363994 18.561 0.024 54358.36066 18.334 0.013 54358.361494 18.204 0.022 54358.36316 18.248 0.035
32.104692 -0.579007 54365.395378 18.898 0.022 54365.397045 17.606 0.021 54365.393712 17.693 0.017 54365.394545 17.77 0.024 54365.396212 17.831 0.022
32.104692 -0.579007 54381.414939 19.215 0.033 54381.416606 17.923 0.021 54381.413273 17.909 0.024 54381.414106 17.952 0.014 54381.415773 17.954 0.027
32.104692 -0.579007 54384.421612 18.966 0.045 54384.423279 17.697 0.02 54384.419946 17.831 0.018 54384.420779 17.903 0.016 54384.422446 17.906 0.022
32.104692 -0.579007 54386.407301 -99.99 0.05 54386.408967 18.694 0.027 54386.405634 18.497 0.02 54386.406467 18.418 0.016 54386.408134 18.349 0.032
32.104692 -0.579007 54388.41155 -99.99 0.05 54388.413217 18.702 0.022 54388.409883 18.48 0.019 54388.410717 18.391 0.018 54388.412383 18.46 0.031
32.104692 -0.579007 54392.409175 19.93 0.103 54392.410842 18.613 0.026 54392.407508 18.418 0.018 54392.408342 18.304 0.03 54392.410008 18.224 0.028
32.104692 -0.579007 54403.325375 -99.99 0.12 54403.327041 18.703 0.023 54403.323708 18.438 0.063 54403.324541 -99.99 0.034 54403.326208 18.424 0.052
32.104692 -0.579007 54404.382861 20.005 0.129 54404.384528 -99.99 0.029 54404.381195 18.466 0.04 54404.382028 -99.99 0.043 54404.383695 18.416 0.04
32.104692 -0.579007 54405.380857 19.94 0.078 54405.382524 18.764 0.019 54405.37919 18.527 0.017 54405.380024 18.367 0.02 54405.38169 18.417 0.033
32.104692 -0.579007 54406.319184 19.776 0.051 54406.320851 18.612 0.028 54406.317517 18.371 0.014 54406.318351 18.276 0.015 54406.320017 18.275 0.026
32.104692 -0.579007 54412.344915 19.262 0.038 54412.346582 -99.99 0.018 54412.343249 17.968 0.022 54412.344082 17.935 0.019 54412.345749 18.002 0.026
