-34.833127 0.769496 51464.191256 19.019 0.021 51464.192922 17.724 0.006 51464.189589 17.567 0.006 51464.190422 17.551 0.007 51464.192089 17.524 0.016
-34.833127 0.769496 52197.216985 18.522 0.017 52197.218651 17.229 0.005 52197.215318 17.258 0.005 52197.216151 17.304 0.006 52197.217818 17.338 0.013
-34.833127 0.769496 52231.102968 18.735 0.02 52231.104634 17.455 0.005 52231.101301 17.391 0.006 52231.102134 17.416 0.007 52231.103801 17.419 0.014
-34.833127 0.769496 52557.210973 19.253 0.028 52557.212639 18.013 0.007 52557.209306 17.763 0.008 52557.210139 17.673 0.01 52557.211806 17.625 0.02
-34.833127 0.769496 52578.10705 19.038 0.021 52578.108716 17.771 0.006 52578.105383 17.61 0.006 52578.106216 17.552 0.007 52578.107883 17.54 0.015
-34.833127 0.769496 52929.137279 19.463 0.029 52929.138945 18.252 0.007 52929.135612 17.994 0.007 52929.136445 17.883 0.008 52929.138112 17.814 0.018
-34.833127 0.769496 52934.117435 18.695 0.02 52934.119101 17.396 0.005 52934.115768 17.342 0.005 52934.116601 17.394 0.006 52934.118268 17.372 0.014
-34.833127 0.769496 52936.113361 19.459 0.029 52936.115027 18.252 0.007 52936.111694 17.988 0.007 52936.112527 17.885 0.008 52936.114194 17.858 0.02
-34.833127 0.769496 53243.298569 19.485 0.039 53243.300235 18.288 0.009 53243.296902 18.021 0.008 53243.297735 17.871 0.009 53243.299402 17.877 0.019
-34.833127 0.769496 53270.177423 19.395 0.032 53270.17909 18.255 0.012 53270.175757 18.017 0.013 53270.17659 17.882 0.012 53270.178257 17.825 0.021
-34.833127 0.769496 53272.227369 19.521 0.055 53272.229035 18.316 0.011 53272.225702 18.002 0.009 53272.226535 17.844 0.009 53272.228202 17.816 0.02
-34.833127 0.769496 53288.154575 19.189 0.026 53288.156241 17.949 0.006 53288.152908 17.724 0.006 53288.153741 17.64 0.007 53288.155408 17.584 0.015
-34.833127 0.769496 53302.150245 19.211 0.041 53302.151911 18.024 0.009 53302.148578 17.753 0.008 53302.149411 17.676 0.008 53302.151078 17.63 0.018
-34.833127 0.769496 53312.105783 19.547 0.033 53312.10745 18.355 0.014 53312.104116 18.079 0.011 53312.10495 17.975 0.015 53312.106616 17.962 0.028
-34.833127 0.769496 53314.106971 19.528 0.031 53314.108637 18.344 0.007 53314.105304 18.007 0.007 53314.106137 17.867 0.009 53314.107804 17.848 0.024
-34.833127 0.769496 53623.201553 18.911 0.023 53623.203219 17.606 0.006 53623.199886 17.498 0.006 53623.200719 17.487 0.007 53623.202386 17.473 0.016
-34.833127 0.769496 53626.187765 19.514 0.042 53626.189431 18.265 0.009 53626.186098 17.977 0.008 53626.186931 17.879 0.009 53626.188598 17.811 0.018
-34.833127 0.769496 53628.172631 19.312 0.068 53628.174297 18.106 0.013 53628.170964 17.817 0.009 53628.171797 17.73 0.011 53628.173464 17.688 0.023
-34.833127 0.769496 53637.174245 18.957 0.028 53637.175911 17.615 0.005 53637.172578 17.5 0.006 53637.173411 17.485 0.007 53637.175078 17.508 0.019
-34.833127 0.769496 53644.166694 18.923 0.028 53644.168361 17.563 0.012 53644.165027 17.434 0.01 53644.165861 17.441 0.015 53644.167527 17.442 0.017
-34.833127 0.769496 53654.201315 19.51 0.05 53654.202981 18.272 0.009 53654.199648 18.015 0.009 53654.200481 17.915 0.011 53654.202148 17.918 0.025
-34.833127 0.769496 53656.148906 19.48 0.075 53656.150572 18.182 0.013 53656.147239 17.891 0.01 53656.148072 17.764 0.011 53656.149739 17.777 0.026
-34.833127 0.769496 53665.140184 19.095 0.034 53665.14185 17.844 0.008 53665.138517 17.67 0.008 53665.13935 17.603 0.009 53665.141017 17.572 0.022
-34.833127 0.769496 53668.151815 19.437 0.036 53668.153481 18.238 0.007 53668.150148 17.974 0.007 53668.150981 17.853 0.009 53668.152648 17.836 0.026
-34.833127 0.769496 53670.156668 19.359 0.028 53670.158334 18.246 0.007 53670.155001 17.937 0.007 53670.155834 17.82 0.008 53670.157501 17.799 0.02
-34.833127 0.769496 53673.124651 18.65 0.019 53673.126317 17.362 0.005 53673.122984 17.328 0.005 53673.123817 17.378 0.006 53673.125484 17.358 0.014
-34.833127 0.769496 53675.12154 19.448 0.029 53675.123206 18.248 0.007 53675.119873 17.961 0.007 53675.120706 17.87 0.008 53675.122373 17.862 0.019
-34.833127 0.769496 53677.142572 19.509 0.034 53677.144238 18.314 0.007 53677.140905 17.983 0.007 53677.141738 17.825 0.008 53677.143405 17.797 0.017
-34.833127 0.769496 53680.129237 18.675 0.019 53680.130903 17.374 0.005 53680.12757 17.337 0.005 53680.128403 17.375 0.006 53680.13007 17.384 0.013
-34.833127 0.769496 53686.195945 19.133 0.104 53686.197611 18.124 0.018 53686.194278 17.798 0.011 53686.195111 17.71 0.013 53686.196778 17.702 0.031
-34.833127 0.769496 53693.13114 19.242 0.044 53693.132806 18.019 0.008 53693.129473 17.757 0.007 53693.130306 17.67 0.008 53693.131973 17.648 0.018
-34.833127 0.769496 53702.126833 18.774 0.034 53702.128499 17.503 0.012 53702.125166 17.426 0.017 53702.125999 17.423 0.02 53702.127666 17.44 0.031
-34.833127 0.769496 53703.13594 19.046 0.032 53703.137607 17.827 0.014 53703.134274 17.683 0.011 53703.135107 17.647 0.011 53703.136774 17.662 0.021
-34.833127 0.769496 53704.114467 19.426 0.035 53704.116133 18.242 0.007 53704.1128 17.961 0.007 53704.113633 17.846 0.008 53704.1153 17.843 0.02
-34.833127 0.769496 53974.202433 19.411 0.028 53974.2041 18.277 0.017 53974.200767 17.971 0.013 53974.2016 17.854 0.014 53974.203267 17.821 0.019
-34.833127 0.769496 53989.210507 19.658 0.043 53989.212174 18.335 0.015 53989.20884 18.014 0.013 53989.209674 17.864 0.011 53989.21134 17.866 0.02
-34.833127 0.769496 53995.19977 19.475 0.036 53995.201436 18.294 0.018 53995.198103 17.999 0.013 53995.198936 17.89 0.013 53995.200603 17.863 0.02
-34.833127 0.769496 53997.178138 19.359 0.028 53997.179805 18.185 0.015 53997.176471 17.896 0.014 53997.177305 17.76 0.009 53997.178971 17.719 0.021
-34.833127 0.769496 54005.149992 19.181 0.027 54005.151659 17.941 0.014 54005.148325 17.718 0.013 54005.149159 17.64 0.012 54005.150825 17.613 0.018
-34.833127 0.769496 54007.162739 18.69 0.021 54007.164406 17.394 0.012 54007.161073 17.372 0.014 54007.161906 17.378 0.012 54007.163573 17.449 0.018
-34.833127 0.769496 54009.159848 19.381 0.031 54009.161515 18.252 0.015 54009.158182 17.963 0.012 54009.159015 17.85 0.013 54009.160682 17.798 0.022
-34.833127 0.769496 54011.22435 19.481 0.049 54011.226017 18.317 0.016 54011.222683 17.981 0.013 54011.223517 17.83 0.016 54011.225183 17.78 0.02
-34.833127 0.769496 54019.174549 19.331 0.033 54019.176215 18.127 0.012 54019.172882 17.824 0.01 54019.173715 17.731 0.01 54019.175382 17.66 0.018
-34.833127 0.769496 54025.223371 19.474 0.032 54025.225038 18.306 0.013 54025.221705 17.993 0.011 54025.222538 17.886 0.011 54025.224205 17.828 0.02
-34.833127 0.769496 54029.153725 18.678 0.022 54029.155391 17.453 0.015 54029.152058 17.429 0.011 54029.152891 17.441 0.012 54029.154558 17.458 0.016
-34.833127 0.769496 54051.130285 19.433 0.148 54051.131951 -99.99 0.057 54051.128618 18.135 0.051 54051.129451 18.002 0.052 54051.131118 -99.99 0.168
-34.833127 0.769496 54356.231862 18.578 0.025 54356.233528 17.317 0.012 54356.230195 17.358 0.015 54356.231028 17.375 0.016 54356.232695 17.393 0.023
-34.833127 0.769496 54358.176939 19.578 0.046 54358.178606 18.384 0.013 54358.175273 18.023 0.017 54358.176106 17.851 0.016 54358.177773 17.782 0.045
-34.833127 0.769496 54359.121111 19.32 0.039 54359.122778 18.047 0.015 54359.119445 17.787 0.013 54359.120278 17.69 0.02 54359.121945 17.65 0.025
-34.833127 0.769496 54373.20901 19.44 0.046 54373.210676 18.233 0.013 54373.207343 17.945 0.016 54373.208176 17.811 0.012 54373.209843 17.753 0.021
-34.833127 0.769496 54381.221708 19.454 0.049 54381.223375 18.281 0.021 54381.220041 17.933 0.014 54381.220875 17.785 0.019 54381.222541 17.729 0.026
-34.833127 0.769496 54382.219113 19.326 0.039 54382.220779 18.025 0.016 54382.217446 17.8 0.011 54382.218279 17.677 0.011 54382.219946 17.694 0.022
-34.833127 0.769496 54383.224851 19.053 0.031 54383.226518 17.805 0.019 54383.223185 17.644 0.018 54383.224018 17.606 0.016 54383.225685 -99.99 0.032
-34.833127 0.769496 54386.2219 19.521 0.036 54386.223566 18.316 0.017 54386.220233 18.029 0.012 54386.221066 17.899 0.015 54386.222733 17.919 0.027
-34.833127 0.769496 54388.226129 19.577 0.045 54388.227796 18.33 0.012 54388.224462 17.997 0.012 54388.225296 17.867 0.014 54388.226962 17.801 0.021
-34.833127 0.769496 54403.139914 19.288 0.027 54403.14158 18.047 0.012 54403.138247 17.763 0.011 54403.13908 17.67 0.01 54403.140747 17.653 0.017
-34.833127 0.769496 54406.133759 19.152 0.025 54406.135425 17.951 0.015 54406.132092 17.795 0.012 54406.132925 17.742 0.014 54406.134592 17.718 0.022
-34.833127 0.769496 54412.136664 18.685 0.021 54412.138331 17.444 0.016 54412.134997 17.389 0.012 54412.135831 17.402 0.009 54412.137497 17.407 0.022
