-31.229901 1.172397 51464.201236 22.262 0.242 51464.202902 20.935 0.033 51464.199569 20.697 0.038 51464.200402 20.616 0.058 51464.202069 20.85 0.255
-31.229901 1.172397 52197.226975 21.746 0.171 52197.228641 20.656 0.025 52197.225308 20.705 0.037 52197.226141 20.599 0.052 52197.227808 20.614 0.174
-31.229901 1.172397 52231.112949 21.994 0.184 52231.114615 21.181 0.035 52231.111282 20.883 0.043 52231.112115 20.809 0.063 52231.113782 20.833 0.203
-31.229901 1.172397 52557.220954 23.857 1.349 52557.22262 21.157 0.048 52557.219287 20.972 0.064 52557.22012 20.738 0.081 52557.221787 21.652 0.575
-31.229901 1.172397 52578.117031 21.97 0.207 52578.118697 21.085 0.037 52578.115364 20.768 0.041 52578.116197 20.666 0.062 52578.117864 20.791 0.257
-31.229901 1.172397 52929.147259 21.961 0.232 52929.148925 20.58 0.026 52929.145592 20.453 0.032 52929.146425 20.46 0.053 52929.148092 20.642 0.234
-31.229901 1.172397 52934.127416 21.677 0.18 52934.129082 20.598 0.027 52934.125749 20.478 0.039 52934.126582 20.472 0.057 52934.128249 20.286 0.162
-31.229901 1.172397 52936.123341 21.813 0.154 52936.125007 20.587 0.024 52936.121674 20.371 0.029 52936.122507 20.318 0.043 52936.124174 20.389 0.158
-31.229901 1.172397 53243.308549 21.236 0.154 53243.310215 20.179 0.031 53243.306882 19.999 0.029 53243.307715 20.046 0.039 53243.309382 20.379 0.148
-31.229901 1.172397 53270.187406 21.424 0.181 53270.189073 19.991 0.024 53270.18574 20.169 0.031 53270.186573 20.276 0.047 53270.18824 20.183 0.135
-31.229901 1.172397 53272.23735 21.017 0.211 53272.239016 19.957 0.037 53272.235683 19.931 0.038 53272.236516 20.004 0.048 53272.238183 19.97 0.131
-31.229901 1.172397 53288.164557 20.886 0.099 53288.166223 19.718 0.014 53288.16289 19.815 0.019 53288.163723 19.939 0.029 53288.16539 20.075 0.117
-31.229901 1.172397 53294.191871 21.297 0.13 53294.193538 19.974 0.035 53294.190205 20.042 0.029 53294.191038 20.107 0.043 53294.192705 20.084 0.18
-31.229901 1.172397 53302.160226 20.934 0.189 53302.161892 19.93 0.033 53302.158559 19.906 0.035 53302.159392 20.181 0.055 53302.161059 20.163 0.149
-31.229901 1.172397 53312.115754 20.788 0.127 53312.117421 19.724 0.02 53312.114088 19.788 0.05 53312.114921 19.885 0.049 53312.116588 20.289 0.455
-31.229901 1.172397 53314.116951 20.836 0.103 53314.118617 19.72 0.016 53314.115284 19.771 0.026 53314.116117 19.883 0.044 53314.117784 20.06 0.177
-31.229901 1.172397 53623.211535 21.959 0.263 53623.213201 21.162 0.046 53623.209868 20.77 0.044 53623.210701 20.793 0.068 53623.212368 20.528 0.197
-31.229901 1.172397 53626.197748 22.5 0.593 53626.199414 21.189 0.088 53626.196081 20.864 0.067 53626.196914 20.586 0.068 53626.198581 20.567 0.219
-31.229901 1.172397 53637.184227 21.984 0.336 53637.185893 21.094 0.045 53637.18256 20.784 0.05 53637.183393 20.793 0.09 53637.18506 20.677 0.288
-31.229901 1.172397 53644.176678 21.944 0.178 53644.178345 21.036 0.029 53644.175012 20.836 0.033 53644.175845 20.72 0.05 53644.177512 20.608 0.173
-31.229901 1.172397 53654.211295 21.953 0.374 53654.212961 20.998 0.065 53654.209628 20.706 0.068 53654.210461 20.84 0.111 53654.212128 20.625 0.268
-31.229901 1.172397 53665.150166 22.025 0.608 53665.151832 21.109 0.167 53665.148499 20.709 0.109 53665.149332 20.628 0.171 53665.150999 -99.99 0.781
-31.229901 1.172397 53668.161797 22.466 0.409 53668.163463 21.007 0.04 53668.16013 20.776 0.053 53668.160963 20.671 0.083 53668.16263 20.469 0.267
-31.229901 1.172397 53670.166649 22.318 0.336 53670.168315 20.944 0.035 53670.164982 20.708 0.047 53670.165815 20.748 0.087 53670.167482 20.882 0.306
-31.229901 1.172397 53673.134634 22.339 0.336 53673.1363 21.062 0.037 53673.132967 20.808 0.045 53673.1338 20.613 0.064 53673.135467 20.747 0.25
-31.229901 1.172397 53675.131522 22.771 0.463 53675.133188 21.062 0.036 53675.129855 20.965 0.052 53675.130688 20.769 0.072 53675.132355 20.665 0.227
-31.229901 1.172397 53677.152554 22.43 0.368 53677.15422 21.02 0.035 53677.150887 20.756 0.042 53677.15172 20.729 0.062 53677.153387 20.67 0.193
-31.229901 1.172397 53680.13922 22.117 0.245 53680.140886 21.053 0.035 53680.137553 20.833 0.044 53680.138386 20.736 0.059 53680.140053 20.599 0.176
-31.229901 1.172397 53693.141121 23.706 1.929 53693.142787 21.174 0.095 53693.139454 20.87 0.073 53693.140287 20.715 0.081 53693.141954 20.838 0.258
-31.229901 1.172397 53704.124448 22.917 0.583 53704.126114 21.134 0.043 53704.122781 20.884 0.051 53704.123614 20.729 0.069 53704.125281 20.592 0.198
-31.229901 1.172397 53989.220489 22.264 0.442 53989.222156 21.014 0.063 53989.218822 20.693 0.048 53989.219656 20.714 0.068 53989.221322 20.482 0.161
-31.229901 1.172397 53995.209752 22.001 0.224 53995.211418 21.069 0.034 53995.208085 20.851 0.041 53995.208918 20.589 0.05 53995.210585 20.708 0.194
-31.229901 1.172397 53997.188158 22.225 0.3 53997.189825 20.931 0.036 53997.186491 20.674 0.036 53997.187325 20.541 0.056 53997.188991 20.459 0.154
-31.229901 1.172397 54000.195924 21.882 0.241 54000.197591 21.01 0.04 54000.194257 20.761 0.047 54000.195091 20.816 0.076 54000.196757 20.844 0.343
-31.229901 1.172397 54005.159982 21.965 0.232 54005.161649 20.919 0.03 54005.158315 20.66 0.03 54005.159149 20.558 0.047 54005.160815 20.389 0.136
-31.229901 1.172397 54007.172724 22.457 0.421 54007.17439 21.043 0.04 54007.171057 20.791 0.044 54007.17189 20.536 0.06 54007.173557 20.34 0.168
-31.229901 1.172397 54009.169847 22.299 0.335 54009.171513 20.972 0.044 54009.16818 20.724 0.04 54009.169013 20.607 0.052 54009.17068 20.678 0.42
-31.229901 1.172397 54011.234319 22.174 0.445 54011.235986 20.958 0.068 54011.232653 20.688 0.066 54011.233486 20.722 0.082 54011.235153 20.399 0.149
-31.229901 1.172397 54019.184556 21.769 0.228 54019.186223 21.035 0.052 54019.18289 20.727 0.047 54019.183723 20.683 0.064 54019.18539 20.434 0.152
-31.229901 1.172397 54025.233343 21.958 0.309 54025.23501 21.159 0.049 54025.231677 20.909 0.055 54025.23251 20.709 0.068 54025.234177 20.637 0.195
-31.229901 1.172397 54029.163679 22.436 0.305 54029.165346 21.058 0.031 54029.162012 20.736 0.044 54029.162846 20.702 0.066 54029.164512 20.451 0.218
-31.229901 1.172397 54051.140253 23.552 4.693 54051.14192 21.125 0.115 54051.138586 20.152 0.253 54051.13942 -99.99 0.58 54051.141086 -99.99 0.513
-31.229901 1.172397 54356.24185 21.592 0.178 54356.243516 20.616 0.027 54356.240183 20.434 0.031 54356.241016 20.382 0.046 54356.242683 20.236 0.137
-31.229901 1.172397 54358.186898 -99.99 3.269 54358.188565 -99.99 0.099 54358.185232 20.25 0.155 54358.186065 20.272 0.112 54358.187732 -99.99 0.403
-31.229901 1.172397 54373.294167 22.057 0.733 54373.295834 21.115 0.114 54373.292501 -99.99 0.09 54373.293334 20.699 0.087 54373.295001 20.78 0.258
-31.229901 1.172397 54386.231856 21.923 0.219 54386.233522 20.875 0.028 54386.230189 20.633 0.035 54386.231022 20.502 0.047 54386.232689 20.436 0.127
-31.229901 1.172397 54388.236105 22.023 0.318 54388.237772 20.943 0.035 54388.234439 20.77 0.051 54388.235272 20.579 0.061 54388.236939 20.489 0.187
-31.229901 1.172397 54403.14989 21.949 0.205 54403.151556 20.639 0.031 54403.148223 20.511 0.036 54403.149056 20.412 0.05 54403.150723 20.613 0.175
-31.229901 1.172397 54406.143715 22.174 0.268 54406.145382 20.674 0.028 54406.142048 20.452 0.033 54406.142882 20.389 0.053 54406.144548 20.189 0.165
-31.229901 1.172397 54412.146643 21.482 0.155 54412.148309 20.716 0.031 54412.144976 20.484 0.033 54412.145809 -99.99 0.054 54412.147476 -99.99 0.207
