-34.504582 -0.125357 51464.192163 19.615 0.029 51464.193829 18.345 0.007 51464.190496 18.333 0.008 51464.191329 18.35 0.01 51464.192996 18.311 0.029
-34.504582 -0.125357 52197.217904 19.854 0.041 52197.21957 18.592 0.008 52197.216237 18.456 0.009 52197.21707 18.444 0.01 52197.218737 18.378 0.031
-34.504582 -0.125357 52231.103878 20.261 0.045 52231.105544 19.049 0.01 52231.102211 18.691 0.01 52231.103044 18.669 0.012 52231.104711 18.604 0.032
-34.504582 -0.125357 52557.211884 19.555 0.035 52557.21355 18.371 0.007 52557.210217 18.31 0.008 52557.21105 18.313 0.01 52557.212717 18.392 0.035
-34.504582 -0.125357 52578.10796 19.413 0.029 52578.109626 18.109 0.006 52578.106293 18.135 0.007 52578.107126 18.2 0.009 52578.108793 18.293 0.028
-34.504582 -0.125357 52929.138188 20.241 0.049 52929.139854 19.07 0.01 52929.136521 18.782 0.01 52929.137354 18.652 0.011 52929.139021 18.614 0.035
-34.504582 -0.125357 52934.118344 19.633 0.036 52934.12001 18.408 0.007 52934.116677 18.358 0.008 52934.11751 18.354 0.01 52934.119177 18.364 0.031
-34.504582 -0.125357 52936.11427 20.278 0.049 52936.115936 19.09 0.01 52936.112603 18.784 0.01 52936.113436 18.677 0.012 52936.115103 18.635 0.033
-34.504582 -0.125357 53243.299479 20.248 0.075 53243.301145 19.02 0.015 53243.297812 18.73 0.012 53243.298645 18.62 0.012 53243.300312 18.608 0.034
-34.504582 -0.125357 53270.178356 20.395 0.074 53270.180022 19.231 0.018 53270.176689 18.9 0.013 53270.177522 18.806 0.015 53270.179189 18.722 0.039
-34.504582 -0.125357 53272.228281 19.886 0.073 53272.229947 18.626 0.013 53272.226614 18.468 0.011 53272.227447 18.422 0.012 53272.229114 18.431 0.033
-34.504582 -0.125357 53288.155485 20.414 0.063 53288.157151 19.133 0.011 53288.153818 18.836 0.01 53288.154651 18.734 0.012 53288.156318 18.698 0.035
-34.504582 -0.125357 53302.151154 20.307 0.112 53302.15282 19.116 0.018 53302.149487 18.861 0.014 53302.15032 18.779 0.015 53302.151987 18.68 0.039
-34.504582 -0.125357 53312.106684 20.133 0.058 53312.108351 18.967 0.014 53312.105018 18.787 0.016 53312.105851 18.717 0.018 53312.107518 18.736 0.058
-34.504582 -0.125357 53314.107881 20.123 0.052 53314.109547 18.919 0.01 53314.106214 18.64 0.01 53314.107047 18.574 0.012 53314.108714 18.535 0.04
-34.504582 -0.125357 53623.202464 20.427 0.065 53623.20413 19.154 0.012 53623.200797 18.823 0.011 53623.20163 18.718 0.012 53623.203297 18.685 0.037
-34.504582 -0.125357 53626.188677 20.238 0.076 53626.190343 19.133 0.016 53626.18701 18.83 0.013 53626.187843 18.692 0.014 53626.18951 18.612 0.035
-34.504582 -0.125357 53628.173541 19.714 0.103 53628.175207 18.484 0.016 53628.171874 18.39 0.015 53628.172707 18.36 0.015 53628.174374 18.412 0.045
-34.504582 -0.125357 53637.175156 20.45 0.087 53637.176822 19.204 0.013 53637.173489 18.875 0.013 53637.174322 18.755 0.016 53637.175989 18.623 0.051
-34.504582 -0.125357 53644.167626 20.423 0.05 53644.169293 19.236 0.013 53644.16596 18.899 0.017 53644.166793 18.779 0.015 53644.16846 18.776 0.034
-34.504582 -0.125357 53654.202227 20.242 0.079 53654.203893 19.07 0.015 53654.20056 18.842 0.015 53654.201393 18.748 0.018 53654.20306 18.728 0.049
-34.504582 -0.125357 53656.149818 19.934 0.114 53656.151484 18.787 0.019 53656.148151 18.563 0.016 53656.148984 18.482 0.017 53656.150651 18.453 0.05
-34.504582 -0.125357 53665.141095 20.356 0.083 53665.142761 19.209 0.018 53665.139428 18.912 0.015 53665.140261 18.762 0.018 53665.141928 18.866 0.073
-34.504582 -0.125357 53668.152728 20.069 0.061 53668.154394 18.875 0.009 53668.151061 18.696 0.011 53668.151894 18.624 0.016 53668.153561 18.596 0.05
-34.504582 -0.125357 53670.157581 20.186 0.05 53670.159247 18.939 0.009 53670.155914 18.669 0.01 53670.156747 18.583 0.012 53670.158414 18.486 0.034
-34.504582 -0.125357 53673.125563 20.401 0.06 53673.127229 19.054 0.01 53673.123896 18.754 0.01 53673.124729 18.651 0.012 53673.126396 18.594 0.036
-34.504582 -0.125357 53675.12245 19.939 0.041 53675.124116 18.815 0.009 53675.120783 18.67 0.01 53675.121616 18.608 0.012 53675.123283 18.592 0.035
-34.504582 -0.125357 53677.143484 20.269 0.055 53677.14515 18.98 0.01 53677.141817 18.702 0.01 53677.14265 18.608 0.012 53677.144317 18.668 0.041
-34.504582 -0.125357 53680.130148 20.322 0.058 53680.131814 19.051 0.01 53680.128481 18.768 0.01 53680.129314 18.673 0.012 53680.130981 18.689 0.037
-34.504582 -0.125357 53686.196858 19.774 0.185 53686.198524 18.574 0.027 53686.195191 18.437 0.019 53686.196024 18.477 0.021 53686.197691 18.501 0.073
-34.504582 -0.125357 53693.132052 19.757 0.071 53693.133718 18.682 0.013 53693.130385 18.56 0.012 53693.131218 18.533 0.013 53693.132885 18.532 0.035
-34.504582 -0.125357 53702.127733 20.273 0.105 53702.1294 18.992 0.016 53702.126067 18.718 0.016 53702.1269 18.663 0.029 53702.128567 18.642 0.082
-34.504582 -0.125357 53703.136855 19.756 0.055 53703.138522 18.667 0.017 53703.135189 18.559 0.014 53703.136022 18.5 0.016 53703.137689 18.431 0.045
-34.504582 -0.125357 53704.115379 20.339 0.069 53704.117045 19.155 0.011 53704.113712 18.883 0.012 53704.114545 18.735 0.014 53704.116212 18.701 0.041
-34.504582 -0.125357 53974.203338 20.045 0.04 53974.205005 18.969 0.017 53974.201672 18.785 0.013 53974.202505 18.678 0.014 53974.204172 18.675 0.037
-34.504582 -0.125357 53989.21142 20.352 0.075 53989.213087 19.144 0.023 53989.209753 18.856 0.018 53989.210587 18.812 0.023 53989.212253 18.729 0.036
-34.504582 -0.125357 53995.200675 19.655 0.035 53995.202342 18.521 0.012 53995.199008 18.404 0.017 53995.199842 18.423 0.014 53995.201508 18.452 0.035
-34.504582 -0.125357 53997.17905 20.363 0.059 53997.180717 19.053 0.017 53997.177384 18.725 0.012 53997.178217 18.592 0.018 53997.179884 18.584 0.036
-34.504582 -0.125357 54005.150896 20.009 0.038 54005.152563 18.755 0.015 54005.149229 18.533 0.015 54005.150063 18.47 0.016 54005.151729 18.468 0.029
-34.504582 -0.125357 54007.16365 20.281 0.058 54007.165316 19.1 0.015 54007.161983 18.814 0.013 54007.162816 18.697 0.013 54007.164483 18.695 0.04
-34.504582 -0.125357 54009.160757 19.785 0.043 54009.162423 18.547 0.019 54009.15909 18.431 0.013 54009.159923 18.443 0.021 54009.16159 18.416 0.028
-34.504582 -0.125357 54011.225247 20.346 0.09 54011.226914 19.133 0.024 54011.22358 18.812 0.019 54011.224414 18.699 0.022 54011.22608 18.635 0.04
-34.504582 -0.125357 54019.175457 20.244 0.059 54019.177124 18.941 0.015 54019.17379 18.654 0.011 54019.174624 18.57 0.013 54019.17629 18.568 0.029
-34.504582 -0.125357 54025.224268 20.413 0.072 54025.225935 19.138 0.015 54025.222602 18.864 0.014 54025.223435 18.774 0.015 54025.225102 18.716 0.044
-34.504582 -0.125357 54029.15461 20.377 0.052 54029.156276 19.186 0.015 54029.152943 18.844 0.013 54029.153776 18.674 0.015 54029.155443 18.633 0.035
-34.504582 -0.125357 54051.131204 -99.99 0.364 54051.132871 -99.99 0.187 54051.129537 18.806 0.072 54051.130371 18.729 0.099 54051.132037 -99.99 0.52
-34.504582 -0.125357 54356.232787 20.444 0.068 54356.234454 19.208 0.02 54356.231121 18.926 0.016 54356.231954 18.788 0.019 54356.233621 18.767 0.045
-34.504582 -0.125357 54358.177848 19.509 0.073 54358.179515 18.203 0.014 54358.176181 18.133 0.018 54358.177015 18.226 0.018 54358.178681 -99.99 0.044
-34.504582 -0.125357 54373.209927 19.968 0.073 54373.211594 18.769 0.021 54373.208261 18.653 0.012 54373.209094 18.595 0.014 54373.210761 18.543 0.036
-34.504582 -0.125357 54381.222626 20.381 0.078 54381.224293 19.184 0.015 54381.220959 19.255 0.021 54381.221793 18.769 0.02 54381.223459 18.774 0.061
-34.504582 -0.125357 54382.220012 20.101 0.072 54382.221679 18.999 0.015 54382.218346 18.749 0.015 54382.219179 18.607 0.018 54382.220846 18.498 0.05
-34.504582 -0.125357 54383.225752 19.826 0.063 54383.227419 18.623 0.017 54383.224086 18.457 0.018 54383.224919 18.441 0.02 54383.226586 18.457 0.051
-34.504582 -0.125357 54386.222771 20.069 0.059 54386.224438 18.886 0.023 54386.221104 18.707 0.014 54386.221938 18.574 0.019 54386.223604 18.501 0.048
-34.504582 -0.125357 54388.227051 20.429 0.072 54388.228718 19.17 0.015 54388.225385 18.909 0.014 54388.226218 18.807 0.017 54388.227885 18.861 0.048
-34.504582 -0.125357 54403.140839 20.31 0.052 54403.142506 19.067 0.015 54403.139173 18.757 0.012 54403.140006 18.649 0.016 54403.141673 18.604 0.033
-34.504582 -0.125357 54406.134646 20.306 0.051 54406.136312 19.086 0.016 54406.132979 18.824 0.014 54406.133812 18.694 0.021 54406.135479 18.715 0.047
-34.504582 -0.125357 54412.137592 19.707 0.037 54412.139258 18.552 0.012 54412.135925 18.479 0.013 54412.136758 18.445 0.015 54412.138425 18.423 0.031
