-35.620748 -0.534707 51464.189076 16.81 0.007 51464.190742 15.557 0.003 51464.187409 15.293 0.004 51464.188242 15.185 0.004 51464.189909 15.166 0.005
-35.620748 -0.534707 52197.214806 17.009 0.009 52197.216472 15.76 0.004 52197.213139 15.508 0.005 52197.213972 15.393 0.005 52197.215639 15.384 0.006
-35.620748 -0.534707 52557.208792 16.861 0.008 52557.210458 15.622 0.003 52557.207125 15.379 0.004 52557.207958 15.27 0.004 52557.209625 15.264 0.005
-35.620748 -0.534707 52578.104869 16.88 0.008 52578.106535 15.637 0.004 52578.103202 15.37 0.004 52578.104035 15.255 0.005 52578.105702 15.232 0.005
-35.620748 -0.534707 52929.135096 16.479 0.007 52929.136762 15.171 0.003 52929.133429 15.026 0.003 52929.134262 14.977 0.004 52929.135929 14.975 0.005
-35.620748 -0.534707 52934.115253 16.544 0.007 52934.116919 15.253 0.003 52934.113586 15.071 0.003 52934.114419 15.009 0.003 52934.116086 15.006 0.004
-35.620748 -0.534707 52936.111178 16.466 0.007 52936.112844 15.243 0.003 52936.109511 15.202 0.004 52936.110344 15.127 0.005 52936.112011 15.126 0.005
-35.620748 -0.534707 53243.296387 15.767 0.005 53243.298053 14.442 0.003 53243.29472 14.535 0.004 53243.295553 14.628 0.004 53243.29722 14.675 0.005
-35.620748 -0.534707 53270.175245 16.911 0.013 53270.176912 15.667 0.018 53270.173578 15.415 0.013 53270.174412 15.312 0.009 53270.176078 15.279 0.015
-35.620748 -0.534707 53272.225188 16.811 0.009 53272.226854 15.584 0.003 53272.223521 15.32 0.004 53272.224354 15.209 0.004 53272.226021 15.158 0.005
-35.620748 -0.534707 53288.152392 16.688 0.008 53288.154058 15.416 0.004 53288.150725 15.186 0.004 53288.151558 15.094 0.004 53288.153225 15.078 0.005
-35.620748 -0.534707 53302.148062 16.85 0.01 53302.149728 15.63 0.004 53302.146395 15.386 0.005 53302.147228 15.284 0.005 53302.148895 15.273 0.006
-35.620748 -0.534707 53312.103591 16.948 0.015 53312.105257 15.726 0.011 53312.101924 15.453 0.022 53312.102757 15.348 0.011 53312.104424 15.331 0.012
-35.620748 -0.534707 53314.104789 16.761 0.009 53314.106455 15.502 0.006 53314.103122 15.262 0.006 53314.103955 15.15 0.007 53314.105622 15.14 0.008
-35.620748 -0.534707 53623.199371 15.615 0.008 53623.201037 14.358 0.007 53623.197704 14.471 0.009 53623.198537 14.589 0.009 53623.200204 14.649 0.009
-35.620748 -0.534707 53626.185583 16.765 0.009 53626.187249 15.502 0.004 53626.183916 15.254 0.004 53626.184749 15.152 0.005 53626.186416 15.131 0.005
-35.620748 -0.534707 53628.170449 15.701 0.006 53628.172115 14.405 0.003 53628.168782 14.516 0.003 53628.169615 14.607 0.003 53628.171282 14.663 0.004
-35.620748 -0.534707 53637.172062 16.619 0.008 53637.173728 15.348 0.003 53637.170395 15.143 0.003 53637.171228 15.071 0.003 53637.172895 15.057 0.005
-35.620748 -0.534707 53644.164504 15.707 0.013 53644.166171 14.466 0.012 53644.162838 14.52 0.01 53644.163671 14.617 0.012 53644.165338 14.68 0.015
-35.620748 -0.534707 53654.199132 16.356 0.007 53654.200798 15.062 0.003 53654.197465 14.96 0.003 53654.198298 14.921 0.003 53654.199965 14.916 0.005
-35.620748 -0.534707 53656.146724 16.894 0.012 53656.14839 15.641 0.003 53656.145057 15.393 0.003 53656.14589 15.304 0.003 53656.147557 15.272 0.005
-35.620748 -0.534707 53665.138002 15.869 0.008 53665.139668 14.569 0.004 53665.136335 14.622 0.005 53665.137168 14.706 0.005 53665.138835 14.733 0.006
-35.620748 -0.534707 53668.149634 16.808 0.008 53668.1513 15.581 0.003 53668.147967 15.321 0.003 53668.1488 15.211 0.003 53668.150467 15.195 0.005
-35.620748 -0.534707 53670.154486 16.174 0.006 53670.156152 14.881 0.003 53670.152819 14.832 0.004 53670.153652 14.839 0.004 53670.155319 14.862 0.005
-35.620748 -0.534707 53673.122469 16.822 0.008 53673.124135 15.598 0.003 53673.120802 15.336 0.004 53673.121635 15.211 0.004 53673.123302 15.195 0.005
-35.620748 -0.534707 53675.119358 16.224 0.006 53675.121024 14.887 0.003 53675.117691 14.84 0.004 53675.118524 14.842 0.004 53675.120191 14.865 0.005
-35.620748 -0.534707 53677.14039 16.997 0.009 53677.142056 15.753 0.003 53677.138723 15.494 0.004 53677.139556 15.384 0.004 53677.141223 15.362 0.005
-35.620748 -0.534707 53680.127056 16.416 0.007 53680.128722 15.12 0.003 53680.125389 14.993 0.004 53680.126222 14.947 0.004 53680.127889 14.952 0.005
-35.620748 -0.534707 53686.193766 16.397 0.012 53686.195432 15.132 0.003 53686.192099 14.989 0.003 53686.192932 14.951 0.003 53686.194599 14.93 0.005
-35.620748 -0.534707 53693.128959 17.004 0.01 53693.130625 15.748 0.003 53693.127292 15.501 0.004 53693.128125 15.388 0.004 53693.129792 15.351 0.005
-35.620748 -0.534707 53702.124624 16.13 0.021 53702.126291 14.808 0.014 53702.122957 14.76 0.04 53702.123791 14.804 0.012 53702.125457 14.83 0.011
-35.620748 -0.534707 53703.133763 15.644 0.011 53703.135429 14.379 0.012 53703.132096 14.556 0.013 53703.132929 14.599 0.008 53703.134596 14.669 0.015
-35.620748 -0.534707 53704.112285 16.817 0.009 53704.113951 15.622 0.003 53704.110618 15.378 0.003 53704.111451 15.269 0.003 53704.113118 15.24 0.005
-35.620748 -0.534707 53974.200247 16.845 0.014 53974.201914 15.634 0.014 53974.19858 15.329 0.01 53974.199414 15.222 0.012 53974.20108 15.208 0.016
-35.620748 -0.534707 53989.208334 16.948 0.015 53989.21 15.703 0.016 53989.206667 15.406 0.012 53989.2075 15.324 0.019 53989.209167 15.328 0.019
-35.620748 -0.534707 53995.197587 16.91 0.016 53995.199253 15.661 0.015 53995.19592 15.375 0.012 53995.196753 15.252 0.011 53995.19842 15.242 0.013
-35.620748 -0.534707 53997.175955 16.37 0.017 53997.177621 15.103 0.013 53997.174288 14.935 0.014 53997.175121 14.935 0.013 53997.176788 14.935 0.016
-35.620748 -0.534707 54005.14781 16.895 0.02 54005.149476 15.682 0.012 54005.146143 15.393 0.015 54005.146976 15.286 0.01 54005.148643 15.261 0.014
-35.620748 -0.534707 54007.160632 16.593 0.022 54007.162299 15.348 0.013 54007.158966 15.128 0.012 54007.159799 15.051 0.012 54007.161466 15.042 0.013
-35.620748 -0.534707 54009.157665 15.748 0.015 54009.159332 14.479 0.012 54009.155998 14.623 0.014 54009.156832 14.684 0.016 54009.158498 14.751 0.017
-35.620748 -0.534707 54011.222158 16.867 0.014 54011.223825 15.659 0.014 54011.220491 15.381 0.016 54011.221325 15.26 0.023 54011.222991 15.253 0.021
-35.620748 -0.534707 54019.172372 16.09 0.01 54019.174038 14.794 0.013 54019.170705 14.757 0.012 54019.171538 14.783 0.014 54019.173205 14.814 0.012
-35.620748 -0.534707 54025.221252 16.009 0.018 54025.222919 14.69 0.011 54025.219586 14.707 0.013 54025.220419 14.737 0.008 54025.222086 14.776 0.016
-35.620748 -0.534707 54029.151526 16.332 0.011 54029.153193 15.074 0.014 54029.149859 14.954 0.01 54029.150693 14.91 0.009 54029.152359 14.939 0.015
-35.620748 -0.534707 54051.128226 -99.99 0.025 54051.129892 14.625 0.012 54051.126559 -99.99 0.011 54051.127392 -99.99 0.027 54051.129059 14.8 0.019
-35.620748 -0.534707 54356.229673 16.744 0.014 54356.23134 15.499 0.015 54356.228007 15.235 0.012 54356.22884 15.122 0.016 54356.230507 15.107 0.016
-35.620748 -0.534707 54358.17474 15.984 0.016 54358.176407 14.729 0.018 54358.173073 14.794 0.016 54358.173907 14.834 0.018 54358.175573 14.846 0.023
-35.620748 -0.534707 54359.11892 16.852 0.019 54359.120587 15.643 0.018 54359.117254 15.386 0.015 54359.118087 15.272 0.016 54359.119754 15.233 0.019
-35.620748 -0.534707 54373.206827 16.325 0.017 54373.208494 15.059 0.009 54373.20516 14.923 0.014 54373.205994 14.923 0.014 54373.20766 14.927 0.015
-35.620748 -0.534707 54381.219527 16.852 0.018 54381.221193 15.627 0.027 54381.21786 15.382 0.016 54381.218693 15.277 0.015 54381.22036 15.261 0.017
-35.620748 -0.534707 54382.216926 16.828 0.015 54382.218593 15.584 0.014 54382.215259 15.323 0.014 54382.216093 15.184 0.015 54382.217759 15.172 0.013
-35.620748 -0.534707 54383.222661 16.699 0.023 54383.224328 15.42 0.013 54383.220995 15.162 0.012 54383.221828 15.099 0.013 54383.223495 15.067 0.017
-35.620748 -0.534707 54386.219679 16.958 0.014 54386.221345 -99.99 0.029 54386.218012 15.447 0.013 54386.218845 15.336 0.016 54386.220512 15.344 0.02
-35.620748 -0.534707 54388.223954 16.739 0.02 54388.225621 15.526 0.014 54388.222288 15.27 0.01 54388.223121 15.169 0.018 54388.224788 15.123 0.018
-35.620748 -0.534707 54403.137732 16.814 0.015 54403.139398 15.586 0.016 54403.136065 15.287 0.009 54403.136898 15.335 0.015 54403.138565 15.167 0.015
-35.620748 -0.534707 54406.131571 16.492 0.015 54406.133238 15.277 0.019 54406.129904 15.204 0.009 54406.130738 15.152 0.015 54406.132404 15.137 0.014
-35.620748 -0.534707 54412.134485 16.972 0.014 54412.136152 15.734 0.012 54412.132819 15.448 0.011 54412.133652 15.33 0.011 54412.135319 15.337 0.016
