-38.222766 0.517083 51819.248837 19.461 0.034 51819.250503 18.295 0.008 51819.24717 17.997 0.007 51819.248003 17.88 0.008 51819.24967 17.893 0.021
-38.222766 0.517083 52172.264415 19.457 0.033 52172.266081 18.249 0.007 52172.262748 17.982 0.007 52172.263581 17.852 0.008 52172.265248 17.839 0.02
-38.222766 0.517083 52558.214116 19.008 0.025 52558.215782 17.788 0.006 52558.212449 17.589 0.006 52558.213282 17.519 0.007 52558.214949 17.507 0.017
-38.222766 0.517083 52576.126373 18.976 0.026 52576.128039 17.799 0.006 52576.124706 17.589 0.006 52576.125539 17.526 0.007 52576.127206 17.517 0.016
-38.222766 0.517083 52577.101607 19.446 0.029 52577.103273 18.262 0.007 52577.09994 17.99 0.007 52577.100773 17.87 0.009 52577.10244 17.844 0.023
-38.222766 0.517083 52930.114938 19.45 0.027 52930.116604 18.242 0.007 52930.113271 17.986 0.007 52930.114104 17.871 0.008 52930.115771 17.84 0.017
-38.222766 0.517083 52931.11577 19.06 0.023 52931.117436 17.885 0.006 52931.114103 17.645 0.006 52931.114936 17.574 0.007 52931.116603 17.511 0.015
-38.222766 0.517083 52935.112734 19.321 0.034 52935.1144 18.177 0.007 52935.111067 17.915 0.007 52935.1119 17.763 0.008 52935.113567 17.711 0.022
-38.222766 0.517083 53313.105934 19.375 0.037 53313.1076 18.181 0.007 53313.104267 17.909 0.007 53313.1051 17.764 0.009 53313.106767 17.757 0.025
-38.222766 0.517083 53622.21518 18.564 0.022 53622.216846 17.32 0.005 53622.213513 17.323 0.005 53622.214346 17.343 0.007 53622.216013 17.406 0.019
-38.222766 0.517083 53625.211145 19.375 0.03 53625.212811 18.211 0.008 53625.209478 17.923 0.007 53625.210311 17.789 0.008 53625.211978 17.749 0.016
-38.222766 0.517083 53634.16465 19.286 0.078 53634.166316 18.197 0.012 53634.162983 17.912 0.01 53634.163816 17.764 0.011 53634.165483 17.779 0.029
-38.222766 0.517083 53636.170182 19.412 0.031 53636.171848 18.252 0.007 53636.168515 17.959 0.007 53636.169348 17.869 0.008 53636.171015 17.812 0.018
-38.222766 0.517083 53655.142186 19.189 0.053 53655.143852 18.009 0.008 53655.140519 17.752 0.008 53655.141352 17.644 0.009 53655.143019 17.607 0.021
-38.222766 0.517083 53664.167145 19.352 0.044 53664.168811 18.175 0.008 53664.165478 17.866 0.007 53664.166311 17.758 0.008 53664.167978 17.715 0.018
-38.222766 0.517083 53666.130745 19.35 0.027 53666.132411 18.207 0.007 53666.129078 17.899 0.007 53666.129911 17.793 0.008 53666.131578 17.763 0.018
-38.222766 0.517083 53669.126385 19.057 0.024 53669.128051 17.833 0.006 53669.124718 17.62 0.006 53669.125551 17.532 0.007 53669.127218 17.509 0.015
-38.222766 0.517083 53674.110619 18.559 0.018 53674.112285 17.308 0.005 53674.108952 17.282 0.005 53674.109785 17.295 0.006 53674.111452 17.326 0.013
-38.222766 0.517083 53676.20012 19.1 0.028 53676.201786 17.919 0.006 53676.198453 17.67 0.006 53676.199286 17.58 0.007 53676.200953 17.547 0.015
-38.222766 0.517083 53679.172001 18.379 0.019 53679.173667 17.164 0.005 53679.170334 17.188 0.005 53679.171167 17.233 0.006 53679.172834 17.284 0.015
-38.222766 0.517083 53681.163511 18.531 0.028 53681.165177 -99.99 0.014 53681.161844 17.328 0.006 53681.162677 17.334 0.008 53681.164344 -99.99 0.08
-38.222766 0.517083 53685.122557 18.995 0.048 53685.124223 17.856 0.009 53685.12089 17.641 0.008 53685.121723 17.545 0.01 53685.12339 17.54 0.019
-38.222766 0.517083 53687.160907 19.301 0.07 53687.162573 18.113 0.012 53687.15924 17.822 0.008 53687.160073 17.707 0.009 53687.16174 17.622 0.017
-38.222766 0.517083 53694.136448 19.203 0.059 53694.138114 17.973 0.01 53694.134781 17.693 0.008 53694.135614 17.626 0.011 53694.137281 17.589 0.03
-38.222766 0.517083 53697.120537 18.532 0.06 53697.122203 17.262 0.012 53697.11887 -99.99 0.016 53697.119703 -99.99 0.017 53697.12137 17.275 0.05
-38.222766 0.517083 53700.119498 19.375 0.04 53700.121164 18.235 0.007 53700.117831 -99.99 0.008 53700.118664 17.885 0.01 53700.120331 17.82 0.024
-38.222766 0.517083 53705.106168 19.371 0.032 53705.107834 18.178 0.007 53705.104501 17.858 0.007 53705.105334 17.749 0.008 53705.107001 17.675 0.018
-38.222766 0.517083 53975.191161 19.298 0.033 53975.192828 18.142 0.014 53975.189495 17.923 0.012 53975.190328 17.827 0.016 53975.191995 17.799 0.021
-38.222766 0.517083 53996.197893 19.344 0.029 53996.199559 18.231 0.012 53996.196226 17.93 0.011 53996.197059 17.822 0.012 53996.198726 17.775 0.019
-38.222766 0.517083 53998.166522 19.374 0.026 53998.168189 18.241 0.016 53998.164856 17.976 0.011 53998.165689 17.846 0.012 53998.167356 17.831 0.02
-38.222766 0.517083 54010.152 19.34 0.031 54010.153666 18.145 0.016 54010.150333 17.852 0.012 54010.151166 17.745 0.016 54010.152833 17.725 0.017
-38.222766 0.517083 54012.144878 19.296 0.059 54012.146545 18.213 0.015 54012.143211 17.902 0.016 54012.144045 17.812 0.022 54012.145711 17.762 0.029
-38.222766 0.517083 54020.150822 18.717 0.02 54020.152488 17.542 0.011 54020.149155 17.412 0.009 54020.149988 17.374 0.008 54020.151655 17.391 0.015
-38.222766 0.517083 54022.2001 19.083 0.037 54022.201767 -99.99 0.016 54022.198434 -99.99 0.011 54022.199267 17.61 0.016 54022.200934 17.574 0.023
-38.222766 0.517083 54028.141192 19.35 0.036 54028.142858 18.226 0.012 54028.139525 17.925 0.015 54028.140358 17.818 0.015 54028.142025 17.748 0.025
-38.222766 0.517083 54030.144382 19.404 0.028 54030.146049 18.25 0.011 54030.142716 17.978 0.011 54030.143549 17.858 0.011 54030.145216 17.831 0.017
-38.222766 0.517083 54032.133993 18.966 0.033 54032.135659 -99.99 0.013 54032.132326 -99.99 0.016 54032.133159 17.653 0.014 54032.134826 -99.99 0.147
-38.222766 0.517083 54034.203949 -99.99 0.025 54034.205615 -99.99 0.012 54034.202282 -99.99 0.01 54034.203115 17.321 0.012 54034.204782 -99.99 0.019
-38.222766 0.517083 54037.125615 19.451 0.035 54037.127282 18.219 0.014 54037.123948 17.927 0.014 54037.124782 17.829 0.012 54037.126448 17.789 0.022
-38.222766 0.517083 54040.140095 19.175 0.045 54040.141762 18.022 0.016 54040.138428 17.705 0.012 54040.139262 17.613 0.012 54040.140928 17.573 0.021
-38.222766 0.517083 54050.124727 18.392 0.024 54050.126394 17.175 0.014 54050.12306 17.187 0.012 54050.123894 17.233 0.012 54050.12556 17.23 0.018
-38.222766 0.517083 54053.130887 19.382 0.03 54053.132553 18.241 0.012 54053.12922 17.925 0.013 54053.130053 17.824 0.015 54053.13172 17.818 0.022
-38.222766 0.517083 54056.132576 19.185 0.043 54056.134243 18.002 0.017 54056.130909 17.721 0.029 54056.131743 -99.99 0.039 54056.133409 17.633 0.032
-38.222766 0.517083 54057.101214 18.587 0.021 54057.102881 17.468 0.015 54057.099547 17.4 0.01 54057.100381 17.43 0.009 54057.102047 17.432 0.021
-38.222766 0.517083 54059.126845 18.555 0.025 54059.128511 17.348 0.013 54059.125178 17.271 0.011 54059.126011 17.284 0.01 54059.127678 17.34 0.02
-38.222766 0.517083 54061.137894 18.954 0.035 54061.13956 17.774 0.017 54061.136227 17.548 0.011 54061.13706 17.474 0.014 54061.138727 17.47 0.022
-38.222766 0.517083 54062.131737 19.374 0.046 54062.133404 18.249 0.016 54062.13007 17.965 0.015 54062.130904 17.865 0.024 54062.13257 17.853 0.034
-38.222766 0.517083 54068.121752 18.666 0.065 54068.123418 17.576 0.016 54068.120085 17.402 0.013 54068.120918 17.396 0.016 54068.122585 17.372 0.026
-38.222766 0.517083 54357.170051 18.653 0.025 54357.171718 17.359 0.019 54357.168385 17.345 0.016 54357.169218 17.327 0.015 54357.170885 17.327 0.022
-38.222766 0.517083 54365.1679 19.426 0.053 54365.169566 18.196 0.019 54365.166233 17.903 0.017 54365.167066 17.79 0.02 54365.168733 17.74 0.029
-38.222766 0.517083 54385.217863 18.419 0.021 54385.21953 17.249 0.01 54385.216197 17.251 0.011 54385.21703 17.289 0.012 54385.218697 17.278 0.017
-38.222766 0.517083 54387.218389 18.569 0.024 54387.220056 17.335 0.011 54387.216722 17.279 0.009 54387.217556 17.303 0.009 54387.219222 17.337 0.02
-38.222766 0.517083 54392.213099 18.801 0.043 54392.214765 17.717 0.015 54392.211432 17.606 0.016 54392.212265 17.547 0.018 54392.213932 17.551 0.022
-38.222766 0.517083 54402.211551 19.259 0.078 54402.213217 18.15 0.022 54402.209884 17.889 0.012 54402.210717 17.727 0.016 54402.212384 17.727 0.025
