13.539868 0.483163 51081.321216 21.396 0.159 51081.322882 20.482 0.033 51081.319549 20.394 0.036 51081.320382 20.353 0.053 51081.322049 20.415 0.177
13.539868 0.483163 51819.392277 22.101 0.285 51819.393943 20.856 0.038 51819.39061 20.524 0.037 51819.391443 20.473 0.054 51819.39311 20.347 0.153
13.539868 0.483163 52558.357477 21.907 0.194 52558.359143 20.79 0.031 52558.35581 20.518 0.032 52558.356643 20.421 0.042 52558.35831 20.393 0.133
13.539868 0.483163 52577.24498 22.513 0.3 52577.246646 20.99 0.036 52577.243313 20.649 0.038 52577.244146 20.49 0.049 52577.245813 20.548 0.172
13.539868 0.483163 52586.248459 22.013 0.18 52586.250125 21.295 0.044 52586.246792 20.57 0.038 52586.247625 20.49 0.057 52586.249292 20.271 0.172
13.539868 0.483163 52910.328938 21.753 0.16 52910.330604 20.91 0.032 52910.327271 20.578 0.032 52910.328104 20.472 0.046 52910.329771 20.481 0.139
13.539868 0.483163 52931.259143 21.784 0.166 52931.260809 20.493 0.025 52931.257476 20.329 0.029 52931.258309 20.271 0.043 52931.259976 20.173 0.122
13.539868 0.483163 52935.256105 21.52 0.148 52935.257771 20.687 0.03 52935.254438 20.393 0.035 52935.255271 20.33 0.049 52935.256938 20.199 0.152
13.539868 0.483163 52959.199435 22.288 0.21 52959.201101 20.901 0.031 52959.197768 20.558 0.03 52959.198601 20.499 0.042 52959.200268 20.467 0.127
13.539868 0.483163 52963.179179 22.105 0.156 52963.180845 20.932 0.03 52963.177512 20.643 0.031 52963.178345 20.574 0.041 52963.180012 20.585 0.127
13.539868 0.483163 53352.150246 22.452 0.365 53352.151912 20.879 0.037 53352.148579 20.558 0.037 53352.149412 20.401 0.056 53352.151079 20.509 0.189
13.539868 0.483163 53622.358543 -99.99 0.409 53622.360209 20.883 0.046 53622.356876 20.559 0.044 53622.357709 20.553 0.08 53622.359376 20.043 0.146
13.539868 0.483163 53638.349348 21.505 0.165 53638.351014 20.752 0.037 53638.347681 20.486 0.033 53638.348514 20.471 0.045 53638.350181 20.359 0.132
13.539868 0.483163 53640.313385 21.803 0.215 53640.315051 20.839 0.034 53640.311718 20.622 0.035 53640.312551 20.505 0.057 53640.314218 20.486 0.146
13.539868 0.483163 53655.285555 21.571 0.221 53655.287221 20.81 0.051 53655.283888 20.562 0.046 53655.284721 20.377 0.057 53655.286388 20.245 0.164
13.539868 0.483163 53664.310512 22.533 0.843 53664.312178 20.781 0.077 53664.308845 20.544 0.074 53664.309678 20.592 0.091 53664.311345 20.341 0.181
13.539868 0.483163 53669.269755 -99.99 0.136 53669.271421 20.858 0.027 53669.268088 20.555 0.029 53669.268921 20.464 0.04 53669.270588 20.54 0.177
13.539868 0.483163 53671.35452 21.933 0.345 53671.356186 20.94 0.041 53671.352853 20.616 0.042 53671.353686 20.505 0.057 53671.355353 20.8 0.208
13.539868 0.483163 53674.253991 22.348 0.445 53674.255657 20.524 0.027 53674.252324 20.389 0.031 53674.253157 20.358 0.047 53674.254824 20.449 0.166
13.539868 0.483163 53676.343463 21.76 0.221 53676.345129 20.829 0.036 53676.341796 20.48 0.034 53676.342629 20.396 0.052 53676.344296 20.362 0.127
13.539868 0.483163 53679.315357 21.765 0.261 53679.317023 20.497 0.031 53679.31369 20.424 0.041 53679.314523 20.384 0.06 53679.31619 20.337 0.202
13.539868 0.483163 53681.306871 21.748 0.231 53681.308537 20.581 0.055 53681.305204 20.324 0.033 53681.306037 20.328 0.048 53681.307704 20.386 0.188
13.539868 0.483163 53685.265924 -99.99 1.396 53685.26759 20.626 0.113 53685.264257 20.315 0.079 53685.26509 20.399 0.1 53685.266757 20.499 0.257
13.539868 0.483163 53694.279799 20.866 0.377 53694.281465 20.6 0.117 53694.278132 20.343 0.078 53694.278965 20.306 0.098 53694.280632 20.377 0.31
13.539868 0.483163 53697.263895 22.327 0.393 53697.265561 20.778 0.038 53697.262228 20.557 0.038 53697.263061 20.471 0.056 53697.264728 20.554 0.154
13.539868 0.483163 53700.262853 22.497 0.541 53700.264519 20.822 0.041 53700.261186 20.556 0.047 53700.262019 20.515 0.071 53700.263686 20.207 0.192
13.539868 0.483163 53705.249523 21.846 0.21 53705.251189 20.712 0.031 53705.247856 20.466 0.033 53705.248689 20.385 0.043 53705.250356 20.332 0.122
13.539868 0.483163 53975.334534 21.833 0.204 53975.3362 20.643 0.037 53975.332867 20.472 0.029 53975.3337 20.314 0.041 53975.335367 20.346 0.145
13.539868 0.483163 53990.34755 23.106 1.093 53990.349217 20.941 0.072 53990.345883 20.604 0.053 53990.346717 20.531 0.063 53990.348383 20.474 0.172
13.539868 0.483163 53994.357515 21.749 0.132 53994.359182 20.92 0.033 53994.355848 20.61 0.029 53994.356682 20.583 0.042 53994.358348 20.601 0.137
13.539868 0.483163 53996.341331 21.513 0.138 53996.342997 20.899 0.044 53996.339664 20.686 0.036 53996.340497 20.594 0.058 53996.342164 20.4 0.161
13.539868 0.483163 53998.309919 99.733 99.999 53998.311586 -99.99 0.911 53998.308252 -99.99 0.061 53998.309086 -99.99 0.153 53998.310752 -99.99 99.999
13.539868 0.483163 54010.29536 22.068 0.211 54010.297027 20.901 0.04 54010.293694 20.659 0.036 54010.294527 20.561 0.046 54010.296194 20.459 0.11
13.539868 0.483163 54012.288508 -99.99 0.426 54012.290174 20.991 0.073 54012.286841 20.542 0.049 54012.287674 20.578 0.058 54012.289341 20.717 0.188
13.539868 0.483163 54020.294323 -99.99 0.298 54020.29599 20.596 0.043 54020.292656 20.372 0.05 54020.29349 20.287 0.06 54020.295156 20.094 0.136
13.539868 0.483163 54024.375869 22.345 0.534 54024.377536 21.002 0.062 54024.374203 20.656 0.051 54024.375036 20.54 0.077 54024.376703 20.28 0.187
13.539868 0.483163 54028.364114 21.6 0.194 54028.365781 20.864 0.04 54028.362447 20.718 0.047 54028.363281 20.562 0.061 54028.364947 20.618 0.198
13.539868 0.483163 54030.287808 22.236 1 54030.289474 20.943 0.029 54030.286141 20.66 0.031 54030.286974 20.454 0.04 54030.288641 20.529 0.13
13.539868 0.483163 54035.363531 21.673 0.237 54035.365197 20.96 0.044 54035.361864 20.53 0.051 54035.362697 20.537 0.072 54035.364364 20.73 0.247
13.539868 0.483163 54037.26901 -99.99 0.187 54037.270676 20.927 0.033 54037.267343 20.631 0.038 54037.268176 20.504 0.051 54037.269843 20.44 0.142
13.539868 0.483163 54040.283488 -99.99 0.534 54040.285155 -99.99 0.083 54040.281821 20.42 0.061 54040.282655 20.256 0.065 54040.284321 20.364 0.185
13.539868 0.483163 54049.310026 21.388 0.306 54049.311692 20.702 0.071 54049.308359 20.438 0.049 54049.309192 20.309 0.061 54049.310859 20.474 0.192
13.539868 0.483163 54053.274314 -99.99 0.178 54053.275981 20.797 0.032 54053.272647 20.488 0.039 54053.273481 20.387 0.047 54053.275147 20.364 0.136
13.539868 0.483163 54056.276038 21.553 0.273 54056.277705 20.514 0.032 54056.274372 20.349 0.04 54056.275205 20.35 0.068 54056.276872 20.556 0.256
13.539868 0.483163 54059.270344 22.013 0.401 54059.27201 20.953 0.064 54059.268677 20.686 0.062 54059.26951 20.494 0.082 54059.271177 20.558 0.25
13.539868 0.483163 54061.281333 22.601 0.583 54061.283 20.959 0.045 54061.279667 20.676 0.052 54061.2805 20.632 0.072 54061.282167 20.309 0.167
13.539868 0.483163 54062.275112 21.917 0.274 54062.276779 20.806 0.035 54062.273446 20.546 0.039 54062.274279 20.497 0.059 54062.275946 20.829 0.255
13.539868 0.483163 54357.313439 21.742 0.131 54357.315106 20.444 0.024 54357.311773 20.33 0.024 54357.312606 20.375 0.034 54357.314273 20.449 0.108
13.539868 0.483163 54362.363235 21.669 0.134 54362.364902 20.809 0.028 54362.361569 20.622 0.035 54362.362402 20.503 0.054 54362.364069 20.62 0.156
13.539868 0.483163 54376.358306 -99.99 0.431 54376.359973 20.912 0.038 54376.356639 -99.99 0.094 54376.357473 -99.99 0.568 54376.359139 20.354 0.12
13.539868 0.483163 54382.343423 21.828 0.298 54382.345089 20.652 0.04 54382.341756 20.437 0.059 54382.342589 20.419 0.074 54382.344256 20.532 0.263
13.539868 0.483163 54385.361239 22.123 0.193 54385.362906 21.004 0.036 54385.359572 20.61 0.029 54385.360406 20.611 0.04 54385.362072 20.453 0.103
13.539868 0.483163 54387.361769 22.401 0.503 54387.363436 20.977 0.047 54387.360102 20.715 0.053 54387.360936 20.512 0.069 54387.362602 20.523 0.23
13.539868 0.483163 54390.35414 -99.99 0.46 54390.355807 20.899 0.042 54390.352474 20.546 0.048 54390.353307 20.448 0.062 54390.354974 20.25 0.166
13.539868 0.483163 54391.362653 21.394 0.294 54391.36432 20.699 0.054 54391.360986 20.529 0.071 54391.36182 20.182 0.078 54391.363486 20.48 0.348
13.539868 0.483163 54402.354891 -99.99 0.358 54402.356558 20.667 0.088 54402.353224 20.255 0.055 54402.354058 20.388 0.068 54402.355724 20.971 0.315
