-42.046954 0.678923 52075.344495 17.326 0.01 52075.346161 16.047 0.004 52075.342828 15.795 0.004 52075.343661 15.697 0.005 52075.345328 15.644 0.006
-42.046954 0.678923 52197.153152 17.686 0.011 52197.154818 16.384 0.004 52197.151485 16.026 0.004 52197.152318 15.892 0.005 52197.153985 15.808 0.006
-42.046954 0.678923 52557.190992 17.336 0.01 52557.192658 16.046 0.005 52557.189325 15.827 0.006 52557.190158 15.715 0.005 52557.191825 15.703 0.008
-42.046954 0.678923 52578.087069 17.349 0.009 52578.088735 16.105 0.003 52578.085402 15.828 0.004 52578.086235 15.724 0.004 52578.087902 15.67 0.006
-42.046954 0.678923 52929.117296 17.648 0.01 52929.118962 16.387 0.004 52929.115629 16.022 0.004 52929.116462 15.887 0.005 52929.118129 15.81 0.006
-42.046954 0.678923 52934.097453 17.482 0.01 52934.099119 16.228 0.003 52934.095786 15.91 0.003 52934.096619 15.767 0.004 52934.098286 15.687 0.006
-42.046954 0.678923 53243.278589 17.546 0.012 53243.280255 16.288 0.004 53243.276922 15.933 0.004 53243.277755 15.804 0.004 53243.279422 15.722 0.006
-42.046954 0.678923 53270.157442 17.651 0.021 53270.159109 16.407 0.014 53270.155775 16.008 0.015 53270.156609 15.901 0.015 53270.158275 15.848 0.015
-42.046954 0.678923 53272.207391 17.431 0.012 53272.209057 16.188 0.004 53272.205724 15.904 0.004 53272.206557 15.806 0.004 53272.208224 15.746 0.006
-42.046954 0.678923 53288.134595 17.581 0.011 53288.136261 16.306 0.003 53288.132928 15.967 0.003 53288.133761 15.822 0.004 53288.135428 15.74 0.006
-42.046954 0.678923 53302.130263 17.306 0.011 53302.131929 16.046 0.004 53302.128596 15.806 0.004 53302.129429 15.723 0.005 53302.131096 15.673 0.006
-42.046954 0.678923 53312.085795 17.489 0.018 53312.087462 16.247 0.008 53312.084128 15.892 0.01 53312.084962 15.767 0.008 53312.086628 15.704 0.015
-42.046954 0.678923 53314.08699 17.535 0.01 53314.088656 16.289 0.004 53314.085323 15.939 0.004 53314.086156 15.802 0.004 53314.087823 15.73 0.006
-42.046954 0.678923 53626.167785 17.414 0.012 53626.169451 16.191 0.004 53626.166118 15.921 0.004 53626.166951 15.818 0.005 53626.168618 15.754 0.006
-42.046954 0.678923 53628.152651 17.296 0.014 53628.154317 16.079 0.004 53628.150984 15.834 0.004 53628.151817 15.738 0.004 53628.153484 15.709 0.006
-42.046954 0.678923 53637.154264 17.571 0.012 53637.15593 16.383 0.003 53637.152597 16.044 0.003 53637.15343 15.909 0.004 53637.155097 15.826 0.007
-42.046954 0.678923 53644.146713 17.648 0.021 53644.148379 16.372 0.011 53644.145046 16.02 0.014 53644.145879 15.864 0.016 53644.147546 15.792 0.017
-42.046954 0.678923 53654.181334 17.305 0.01 53654.183 16.044 0.004 53654.179667 15.797 0.004 53654.1805 15.715 0.005 53654.182167 15.669 0.007
-42.046954 0.678923 53656.128925 17.321 0.014 53656.130591 16.061 0.004 53656.127258 15.802 0.004 53656.128091 15.704 0.004 53656.129758 15.659 0.006
-42.046954 0.678923 53665.120202 17.462 0.019 53665.121868 16.289 0.005 53665.118535 15.974 0.006 53665.119368 15.861 0.007 53665.121035 15.806 0.01
-42.046954 0.678923 53668.131835 17.597 0.011 53668.133501 16.35 0.003 53668.130168 15.985 0.003 53668.131001 15.837 0.004 53668.132668 15.769 0.006
-42.046954 0.678923 53670.136688 17.657 0.012 53670.138354 16.358 0.004 53670.135021 16.008 0.005 53670.135854 15.87 0.005 53670.137521 15.786 0.007
-42.046954 0.678923 53673.104671 17.351 0.01 53673.106337 16.103 0.004 53673.103004 15.816 0.004 53673.103837 15.716 0.004 53673.105504 15.665 0.006
-42.046954 0.678923 53675.10156 17.445 0.01 53675.103226 16.162 0.004 53675.099893 15.854 0.003 53675.100726 15.739 0.004 53675.102393 15.672 0.006
-42.046954 0.678923 53677.122592 17.542 0.01 53677.124258 16.235 0.003 53677.120925 15.915 0.004 53677.121758 15.785 0.004 53677.123425 15.697 0.006
-42.046954 0.678923 53680.109257 17.316 0.01 53680.110923 16.083 0.004 53680.10759 15.853 0.004 53680.108423 15.753 0.004 53680.11009 15.712 0.006
-42.046954 0.678923 53686.175969 -99.99 0.026 53686.177635 16.218 0.004 53686.174302 15.895 0.004 53686.175135 15.747 0.004 53686.176802 15.7 0.007
-42.046954 0.678923 53693.11116 17.258 0.012 53693.112826 16.056 0.004 53693.109493 15.813 0.003 53693.110326 15.725 0.004 53693.111993 15.678 0.006
-42.046954 0.678923 53702.10683 17.604 0.019 53702.108496 16.381 0.011 53702.105163 16.029 0.009 53702.105996 15.902 0.013 53702.107663 15.836 0.01
-42.046954 0.678923 53703.115964 17.502 0.02 53703.117631 16.286 0.023 53703.114298 15.905 0.012 53703.115131 15.768 0.013 53703.116798 15.725 0.014
-42.046954 0.678923 53704.094489 17.42 0.011 53704.096155 16.214 0.003 53704.092822 15.939 0.003 53704.093655 15.824 0.004 53704.095322 15.759 0.006
-42.046954 0.678923 53974.182449 17.711 0.025 53974.184116 16.419 0.013 53974.180782 16.033 0.013 53974.181616 15.894 0.01 53974.183282 15.827 0.014
-42.046954 0.678923 53989.190528 17.492 0.023 53989.192195 16.303 0.014 53989.188862 16 0.011 53989.189695 15.866 0.01 53989.191362 15.817 0.015
-42.046954 0.678923 53995.179782 17.317 0.019 53995.181448 16.05 0.01 53995.178115 15.806 0.01 53995.178948 15.708 0.01 53995.180615 15.659 0.013
-42.046954 0.678923 53997.158206 17.324 0.024 53997.159873 -99.99 0.031 53997.156539 15.801 0.027 53997.157373 15.71 0.019 53997.159039 15.647 0.03
-42.046954 0.678923 54005.130016 17.578 0.019 54005.131683 16.274 0.012 54005.12835 15.927 0.012 54005.129183 15.794 0.01 54005.13085 15.723 0.014
-42.046954 0.678923 54007.142771 17.593 0.018 54007.144438 16.351 0.012 54007.141104 15.969 0.01 54007.141938 15.822 0.011 54007.143604 15.753 0.015
-42.046954 0.678923 54019.154607 17.293 0.019 54019.156274 16.06 0.012 54019.152941 15.796 0.009 54019.153774 15.724 0.008 54019.155441 15.671 0.014
-42.046954 0.678923 54025.203371 17.486 0.018 54025.205038 16.204 0.012 54025.201705 15.905 0.008 54025.202538 15.774 0.013 54025.204205 15.721 0.014
-42.046954 0.678923 54029.133707 17.547 0.022 54029.135373 16.274 0.01 54029.13204 15.922 0.009 54029.132873 15.789 0.011 54029.13454 15.725 0.015
-42.046954 0.678923 54051.110285 17.416 0.018 54051.111952 16.154 0.015 54051.108619 15.849 0.01 54051.109452 15.713 0.014 54051.111119 15.627 0.018
-42.046954 0.678923 54356.211872 17.297 0.022 54356.213539 16.085 0.012 54356.210205 15.83 0.013 54356.211039 15.743 0.012 54356.212705 15.683 0.02
-42.046954 0.678923 54358.156943 17.337 0.018 54358.15861 16.076 0.011 54358.155277 15.842 0.013 54358.15611 15.75 0.01 54358.157777 15.702 0.018
-42.046954 0.678923 54373.18903 17.339 0.014 54373.190697 16.046 0.016 54373.187364 15.788 0.016 54373.188197 15.712 0.012 54373.189864 15.638 0.013
-42.046954 0.678923 54381.201727 17.623 0.028 54381.203394 16.324 0.021 54381.200061 15.955 0.009 54381.200894 15.81 0.012 54381.202561 15.728 0.014
-42.046954 0.678923 54382.199144 17.322 0.022 54382.20081 16.055 0.017 54382.197477 15.818 0.012 54382.19831 15.766 0.038 54382.199977 15.686 0.014
-42.046954 0.678923 54383.204866 17.599 0.023 54383.206533 16.38 0.015 54383.2032 15.985 0.016 54383.204033 15.813 0.013 54383.2057 15.756 0.022
-42.046954 0.678923 54386.201882 17.364 0.017 54386.203549 16.096 0.014 54386.200216 15.817 0.013 54386.201049 15.704 0.014 54386.202716 15.674 0.015
-42.046954 0.678923 54388.206158 17.422 0.022 54388.207825 16.159 0.012 54388.204492 15.851 0.014 54388.205325 15.731 0.01 54388.206992 15.676 0.012
-42.046954 0.678923 54403.119923 17.361 0.016 54403.12159 16.113 0.009 54403.118257 15.809 0.011 54403.11909 15.711 0.009 54403.120757 15.663 0.01
-42.046954 0.678923 54406.113755 17.664 0.023 54406.115422 16.429 0.012 54406.112089 16.06 0.013 54406.112922 15.95 0.023 54406.114589 15.829 0.021
-42.046954 0.678923 54412.116684 17.279 0.021 54412.118351 16.017 0.016 54412.115018 15.765 0.013 54412.115851 15.682 0.013 54412.117518 15.648 0.013
-42.046954 0.678923 54415.154239 17.645 0.025 54415.155906 16.423 0.015 54415.152572 16.03 0.01 54415.153406 15.893 0.011 54415.155072 15.824 0.014
