3.173891 -0.46073 51075.308647 18.224 0.014 51075.310313 16.985 0.004 51075.30698 16.927 0.005 51075.307813 16.947 0.005 51075.30948 16.957 0.012
3.173891 -0.46073 52196.309168 18.057 0.014 52196.310834 16.764 0.004 52196.307501 16.786 0.005 52196.308334 16.837 0.005 52196.310001 16.89 0.01
3.173891 -0.46073 52197.322275 18.245 0.016 52197.323941 17.029 0.005 52197.320608 16.973 0.005 52197.321441 16.984 0.006 52197.323108 16.994 0.011
3.173891 -0.46073 52225.172454 18.027 0.014 52225.17412 16.744 0.004 52225.170787 16.803 0.005 52225.17162 16.854 0.005 52225.173287 16.875 0.011
3.173891 -0.46073 52231.208238 18.071 0.015 52231.209904 16.79 0.005 52231.206571 16.809 0.005 52231.207404 16.851 0.006 52231.209071 16.867 0.01
3.173891 -0.46073 52253.194408 18.102 0.02 52253.196074 16.855 0.004 52253.192741 16.879 0.004 52253.193574 16.877 0.005 52253.195241 16.95 0.013
3.173891 -0.46073 52557.316239 18.002 0.014 52557.317905 16.732 0.004 52557.314572 16.772 0.004 52557.315405 16.823 0.005 52557.317072 16.875 0.011
3.173891 -0.46073 52578.212323 18.105 0.014 52578.213989 16.809 0.004 52578.210656 16.808 0.004 52578.211489 16.862 0.005 52578.213156 16.904 0.01
3.173891 -0.46073 52908.290805 17.953 0.014 52908.292471 16.667 0.004 52908.289138 16.746 0.004 52908.289971 16.809 0.005 52908.291638 16.853 0.011
3.173891 -0.46073 52911.304592 18.33 0.02 52911.306258 17.085 0.004 52911.302925 17.03 0.005 52911.303758 17.037 0.005 52911.305425 17.039 0.013
3.173891 -0.46073 52930.181965 18.056 0.015 52930.183631 16.717 0.004 52930.180298 16.778 0.004 52930.181131 16.829 0.005 52930.182798 16.859 0.011
3.173891 -0.46073 52934.222707 17.986 0.015 52934.224373 16.725 0.004 52934.22104 16.763 0.004 52934.221873 16.815 0.005 52934.22354 16.868 0.011
3.173891 -0.46073 52936.218633 18.311 0.017 52936.220299 17.09 0.005 52936.216966 17.026 0.005 52936.217799 17.012 0.005 52936.219466 17.056 0.011
3.173891 -0.46073 52962.144155 18.173 0.031 52962.145821 16.896 0.004 52962.142488 16.928 0.005 52962.143321 16.946 0.005 52962.144988 16.977 0.011
3.173891 -0.46073 53270.28269 17.979 0.017 53270.284356 16.673 0.016 53270.281023 16.727 0.012 53270.281856 16.796 0.012 53270.283523 16.846 0.018
3.173891 -0.46073 53272.332638 18.362 0.018 53272.334304 17.089 0.005 53272.330971 17.024 0.005 53272.331804 17.021 0.006 53272.333471 17.044 0.011
3.173891 -0.46073 53286.301355 18.238 0.02 53286.303021 17.017 0.005 53286.299688 16.942 0.005 53286.300521 16.991 0.006 53286.302188 17.014 0.013
3.173891 -0.46073 53288.259846 18.247 0.017 53288.261512 17.008 0.004 53288.258179 16.996 0.005 53288.259012 17.003 0.005 53288.260679 17.025 0.011
3.173891 -0.46073 53294.307521 -99.99 0.015 53294.309187 16.702 0.004 53294.305854 16.745 0.004 53294.306687 16.803 0.005 53294.308354 16.844 0.01
3.173891 -0.46073 53302.255515 18.25 0.023 53302.257181 17.077 0.006 53302.253848 17.014 0.006 53302.254681 17.023 0.006 53302.256348 17.043 0.012
3.173891 -0.46073 53312.211118 18.321 0.019 53312.212784 17.111 0.012 53312.209451 17.026 0.014 53312.210284 16.982 0.013 53312.211951 17.05 0.022
3.173891 -0.46073 53314.212243 17.975 0.014 53314.213909 16.656 0.004 53314.210576 16.729 0.004 53314.211409 16.783 0.005 53314.213076 16.831 0.01
3.173891 -0.46073 53616.316605 -99.99 0.043 53616.318271 16.706 0.004 53616.314938 -99.99 0.008 53616.315771 -99.99 0.016 53616.317438 -99.99 0.015
3.173891 -0.46073 53623.306818 18.179 0.019 53623.308484 -99.99 0.005 53623.305151 16.905 0.005 53623.305984 16.918 0.006 53623.307651 16.978 0.017
3.173891 -0.46073 53626.293031 17.941 0.015 53626.294697 16.694 0.004 53626.291364 16.751 0.005 53626.292197 16.812 0.005 53626.293864 16.864 0.01
3.173891 -0.46073 53628.277896 18.115 0.024 53628.279562 16.87 0.005 53628.276229 16.856 0.005 53628.277062 16.895 0.005 53628.278729 16.937 0.011
3.173891 -0.46073 53637.279512 18.047 0.02 53637.281178 16.769 0.004 53637.277845 16.786 0.004 53637.278678 16.841 0.005 53637.280345 16.9 0.014
3.173891 -0.46073 53639.324889 18.213 0.018 53639.326555 16.952 0.004 53639.323222 16.949 0.005 53639.324055 16.961 0.005 53639.325722 17.01 0.011
3.173891 -0.46073 53654.306582 18.05 0.015 53654.308248 16.745 0.004 53654.304915 16.805 0.005 53654.305748 16.851 0.005 53654.307415 16.897 0.011
3.173891 -0.46073 53663.267485 18.389 0.022 53663.269151 17.086 0.006 53663.265818 17.028 0.006 53663.266651 17.024 0.006 53663.268318 17.028 0.011
3.173891 -0.46073 53665.245455 -99.99 0.131 53665.247121 -99.99 0.046 53665.243788 16.772 0.037 53665.244621 16.749 0.03 53665.246288 16.978 0.096
3.173891 -0.46073 53666.337588 18.264 0.026 53666.339254 17.07 0.005 53666.335921 16.993 0.005 53666.336754 17.001 0.005 53666.338421 16.991 0.012
3.173891 -0.46073 53668.257085 18.305 0.021 53668.258751 17.076 0.004 53668.255418 17.01 0.005 53668.256251 17.017 0.005 53668.257918 17.054 0.014
3.173891 -0.46073 53670.261938 17.997 0.015 53670.263604 16.669 0.004 53670.260271 16.729 0.004 53670.261104 16.798 0.005 53670.262771 16.83 0.01
3.173891 -0.46073 53673.229923 18.303 0.018 53673.231589 17.078 0.005 53673.228256 17.015 0.005 53673.229089 17.021 0.005 53673.230756 17.032 0.011
3.173891 -0.46073 53675.22681 17.927 0.014 53675.228476 16.663 0.004 53675.225143 16.723 0.004 53675.225976 16.785 0.005 53675.227643 16.848 0.012
3.173891 -0.46073 53677.247842 18.317 0.018 53677.249508 17.066 0.005 53677.246175 17.005 0.005 53677.247008 16.999 0.006 53677.248675 17.042 0.011
3.173891 -0.46073 53680.234508 17.993 0.015 53680.236174 16.682 0.004 53680.232841 16.744 0.005 53680.233674 16.8 0.005 53680.235341 16.842 0.01
3.173891 -0.46073 53693.236405 18.104 0.023 53693.238071 16.829 0.005 53693.234738 16.86 0.005 53693.235571 16.882 0.005 53693.237238 16.926 0.01
3.173891 -0.46073 53698.233796 -99.99 0.019 53698.235462 16.725 0.004 53698.232129 16.792 0.004 53698.232962 16.82 0.005 53698.234629 16.907 0.011
3.173891 -0.46073 53704.219729 17.962 0.015 53704.221395 16.673 0.004 53704.218062 16.726 0.005 53704.218895 16.787 0.005 53704.220562 16.848 0.011
3.173891 -0.46073 53974.312383 18.012 0.017 53974.31405 16.764 0.015 53974.310716 16.756 0.018 53974.31155 16.837 0.012 53974.313216 16.86 0.016
3.173891 -0.46073 53989.315785 18.166 0.025 53989.317451 16.918 0.02 53989.314118 16.882 0.016 53989.314951 16.931 0.022 53989.316618 16.949 0.018
3.173891 -0.46073 53997.411528 18.143 0.031 53997.413195 16.918 0.028 53997.409862 16.87 0.012 53997.410695 16.892 0.015 53997.412362 16.909 0.017
3.173891 -0.46073 54000.291237 18.3 0.028 54000.292903 17.098 0.013 54000.28957 17.009 0.015 54000.290403 17.009 0.015 54000.29207 17.013 0.015
3.173891 -0.46073 54006.238096 18.28 0.021 54006.239763 -99.99 0.012 54006.23643 16.997 0.018 54006.237263 17.033 0.021 54006.23893 -99.99 0.022
3.173891 -0.46073 54007.341357 18.051 0.018 54007.343024 16.815 0.018 54007.339691 16.789 0.014 54007.340524 16.833 0.022 54007.342191 16.87 0.019
3.173891 -0.46073 54009.265151 18.213 0.019 54009.266818 16.972 0.018 54009.263485 16.925 0.015 54009.264318 16.934 0.011 54009.265985 16.964 0.015
3.173891 -0.46073 54011.329623 -99.99 0.022 54011.33129 16.686 0.012 54011.327956 16.735 0.017 54011.32879 16.777 0.014 54011.330456 16.846 0.019
3.173891 -0.46073 54019.279818 18.296 0.028 54019.281484 17.106 0.019 54019.278151 17.015 0.012 54019.278984 17.027 0.012 54019.280651 17.028 0.016
3.173891 -0.46073 54025.328621 18.005 0.023 54025.330287 16.689 0.018 54025.326954 16.724 0.014 54025.327787 16.801 0.018 54025.329454 16.831 0.016
3.173891 -0.46073 54029.258962 18.326 0.032 54029.260629 17.109 0.017 54029.257295 16.998 0.017 54029.258129 17.014 0.023 54029.259795 17.068 0.019
3.173891 -0.46073 54348.326375 18.018 0.02 54348.328042 16.712 0.014 54348.324708 16.777 0.014 54348.325542 16.829 0.017 54348.327208 16.851 0.016
3.173891 -0.46073 54358.282221 18.084 0.064 54358.283887 16.758 0.017 54358.280554 16.802 0.019 54358.281387 16.847 0.017 54358.283054 -99.99 0.03
3.173891 -0.46073 54359.276209 -99.99 0.022 54359.277876 16.685 0.029 54359.274542 16.714 0.016 54359.275376 16.754 0.039 54359.277042 16.852 0.022
3.173891 -0.46073 54365.315258 18.253 0.022 54365.316925 17 0.018 54365.313591 16.961 0.019 54365.314425 16.95 0.017 54365.316091 16.974 0.017
3.173891 -0.46073 54381.334853 18.042 0.032 54381.33652 16.767 0.024 54381.333187 16.814 0.015 54381.33402 16.867 0.012 54381.335687 16.906 0.021
3.173891 -0.46073 54386.327128 17.97 0.026 54386.328795 16.732 0.021 54386.325461 16.775 0.014 54386.326295 16.828 0.016 54386.327961 16.879 0.015
3.173891 -0.46073 54388.331409 18.154 0.023 54388.333076 16.904 0.021 54388.329742 16.889 0.016 54388.330576 16.91 0.017 54388.332242 16.937 0.015
3.173891 -0.46073 54403.245265 18.089 0.021 54403.246932 16.776 0.016 54403.243599 16.788 0.014 54403.244432 16.838 0.009 54403.246099 16.885 0.016
3.173891 -0.46073 54404.302749 18.29 0.019 54404.304416 17.117 0.02 54404.301083 16.995 0.014 54404.301916 17.018 0.012 54404.303583 17.035 0.02
3.173891 -0.46073 54405.300701 18.151 0.021 54405.302368 16.937 0.013 54405.299034 16.896 0.014 54405.299868 16.927 0.017 54405.301534 16.953 0.017
3.173891 -0.46073 54406.239023 18.109 0.015 54406.240689 16.903 0.026 54406.237356 16.831 0.011 54406.238189 16.939 0.035 54406.239856 16.961 0.016
3.173891 -0.46073 54412.241998 17.968 0.022 54412.243664 16.706 0.027 54412.240331 16.687 0.014 54412.241164 16.798 0.015 54412.242831 16.809 0.019
