-41.834603 0.916271 51819.238847 18.155 0.016 51819.240513 16.844 0.004 51819.23718 16.508 0.004 51819.238013 16.35 0.004 51819.23968 16.255 0.008
-41.834603 0.916271 52172.254415 18.263 0.016 52172.256081 16.978 0.005 52172.252748 16.612 0.005 52172.253581 16.449 0.005 52172.255248 16.36 0.008
-41.834603 0.916271 52558.204112 18.334 0.019 52558.205778 -99.99 0.004 52558.202445 -99.99 0.004 52558.203278 -99.99 0.005 52558.204945 -99.99 0.011
-41.834603 0.916271 52576.116369 17.276 0.01 52576.118035 15.925 0.005 52576.114702 15.87 0.005 52576.115535 15.91 0.005 52576.117202 15.899 0.008
-41.834603 0.916271 52577.091603 18.255 0.015 52577.093269 17.013 0.004 52577.089936 16.64 0.004 52577.090769 16.472 0.004 52577.092436 16.394 0.009
-41.834603 0.916271 52930.104935 18.281 0.015 52930.106601 17.067 0.005 52930.103268 16.704 0.005 52930.104101 16.554 0.005 52930.105768 16.491 0.008
-41.834603 0.916271 52931.105765 18.173 0.014 52931.107431 16.876 0.004 52931.104098 16.518 0.004 52931.104931 16.365 0.004 52931.106598 16.281 0.008
-41.834603 0.916271 52935.10273 17.174 0.009 52935.104396 15.846 0.003 52935.101063 15.891 0.003 52935.101896 15.879 0.004 52935.103563 15.875 0.007
-41.834603 0.916271 53313.09593 17.38 0.011 53313.097596 16.034 0.003 53313.094263 15.96 0.003 53313.095096 15.96 0.004 53313.096763 15.949 0.008
-41.834603 0.916271 53622.205177 18.007 0.017 53622.206843 16.822 0.004 53622.20351 16.494 0.004 53622.204343 16.334 0.004 53622.20601 16.29 0.009
-41.834603 0.916271 53625.201144 17.789 0.013 53625.20281 16.514 0.005 53625.199477 16.277 0.005 53625.20031 16.176 0.005 53625.201977 16.122 0.007
-41.834603 0.916271 53634.154648 18.224 0.027 53634.156314 -99.99 0.005 53634.152981 16.682 0.004 53634.153814 16.549 0.005 53634.155481 -99.99 0.012
-41.834603 0.916271 53636.16018 17.681 0.012 53636.161846 -99.99 0.004 53636.158513 16.198 0.004 53636.159346 16.117 0.004 53636.161013 16.064 0.007
-41.834603 0.916271 53645.219846 17.219 0.022 53645.221512 -99.99 0.005 53645.218179 -99.99 0.005 53645.219012 -99.99 0.008 53645.220679 -99.99 0.03
-41.834603 0.916271 53655.132183 17.852 0.015 53655.133849 16.563 0.004 53655.130516 16.307 0.004 53655.131349 16.193 0.004 53655.133016 16.142 0.008
-41.834603 0.916271 53664.157142 17.279 0.011 53664.158808 15.952 0.003 53664.155475 15.907 0.003 53664.156308 15.92 0.004 53664.157975 15.917 0.007
-41.834603 0.916271 53666.120743 17.835 0.012 53666.122409 16.544 0.004 53666.119076 16.286 0.004 53666.119909 16.172 0.005 53666.121576 16.126 0.008
-41.834603 0.916271 53669.116382 17.635 0.011 53669.118048 16.312 0.004 53669.114715 16.149 0.004 53669.115548 16.08 0.004 53669.117215 16.045 0.007
-41.834603 0.916271 53676.190118 18.206 0.017 53676.191784 17 0.005 53676.188451 16.643 0.004 53676.189284 16.483 0.005 53676.190951 16.431 0.008
-41.834603 0.916271 53679.161988 18.3 0.019 53679.163654 17.012 0.004 53679.160321 16.665 0.004 53679.161154 16.49 0.004 53679.162821 16.375 0.008
-41.834603 0.916271 53681.15351 18.393 0.028 53681.155176 -99.99 0.006 53681.151843 -99.99 0.011 53681.152676 -99.99 0.007 53681.154343 -99.99 0.013
-41.834603 0.916271 53685.112555 18.018 0.024 53685.114221 16.759 0.005 53685.110888 16.449 0.005 53685.111721 16.316 0.005 53685.113388 16.241 0.008
-41.834603 0.916271 53687.150906 18.278 0.031 53687.152572 16.981 0.005 53687.149239 16.647 0.005 53687.150072 16.477 0.005 53687.151739 16.413 0.009
-41.834603 0.916271 53694.126448 17.575 0.017 53694.128114 -99.99 0.003 53694.124781 16.13 0.003 53694.125614 16.077 0.004 53694.127281 16.067 0.009
-41.834603 0.916271 53697.110536 17.111 0.026 53697.112202 15.862 0.006 53697.108869 15.856 0.006 53697.109702 15.873 0.007 53697.111369 15.886 0.017
-41.834603 0.916271 53700.109496 -99.99 0.021 53700.111162 -99.99 0.026 53700.107829 -99.99 0.005 53700.108662 -99.99 0.005 53700.110329 -99.99 0.04
-41.834603 0.916271 53705.096167 17.426 0.011 53705.097833 16.099 0.003 53705.0945 16.007 0.003 53705.095333 15.987 0.004 53705.097 15.982 0.007
-41.834603 0.916271 53975.181172 18.188 0.025 53975.182839 16.872 0.021 53975.179506 16.515 0.017 53975.180339 16.397 0.022 53975.182006 16.287 0.015
-41.834603 0.916271 53996.18788 18.399 0.021 53996.189547 17.127 0.014 53996.186213 16.766 0.011 53996.187047 16.606 0.01 53996.188713 16.536 0.015
-41.834603 0.916271 53998.156511 17.36 0.019 53998.158177 16.022 0.01 53998.154844 15.977 0.012 53998.155677 15.964 0.015 53998.157344 15.953 0.014
-41.834603 0.916271 54005.193764 18.221 0.023 54005.195431 16.981 0.011 54005.192097 16.589 0.011 54005.192931 16.441 0.011 54005.194597 16.374 0.014
-41.834603 0.916271 54010.141991 18.234 0.023 54010.143658 16.985 0.011 54010.140325 16.638 0.012 54010.141158 16.459 0.01 54010.142825 16.408 0.012
-41.834603 0.916271 54012.134889 17.41 0.018 54012.136555 16.118 0.011 54012.133222 16.073 0.013 54012.134055 16.028 0.013 54012.135722 -99.99 0.014
-41.834603 0.916271 54020.140816 17.379 0.018 54020.142482 16.053 0.011 54020.139149 15.963 0.009 54020.139982 15.957 0.01 54020.141649 15.945 0.012
-41.834603 0.916271 54022.190115 18.135 0.022 54022.191782 -99.99 0.013 54022.188449 -99.99 0.017 54022.189282 16.378 0.013 54022.190949 16.274 0.015
-41.834603 0.916271 54028.131204 17.61 0.023 54028.13287 16.311 0.021 54028.129537 16.119 0.015 54028.13037 16.055 0.014 54028.132037 16.041 0.016
-41.834603 0.916271 54030.134377 18.146 0.021 54030.136044 16.873 0.01 54030.13271 16.499 0.008 54030.133544 16.337 0.008 54030.13521 16.279 0.013
-41.834603 0.916271 54032.124021 18.267 0.03 54032.125688 16.983 0.012 54032.122354 16.63 0.012 54032.123188 -99.99 0.013 54032.124854 -99.99 0.017
-41.834603 0.916271 54034.193861 17.435 0.02 54034.195528 16.146 0.01 54034.192194 16.032 0.01 54034.193028 16.006 0.017 54034.194694 16.007 0.013
-41.834603 0.916271 54037.115625 18.39 0.021 54037.117291 17.113 0.016 54037.113958 16.76 0.009 54037.114791 16.603 0.01 54037.116458 16.528 0.017
-41.834603 0.916271 54040.1301 18.328 0.029 54040.131767 17.114 0.011 54040.128434 16.725 0.014 54040.129267 16.557 0.011 54040.130934 16.456 0.013
-41.834603 0.916271 54050.114728 17.606 0.021 54050.116395 16.308 0.016 54050.113062 16.156 0.013 54050.113895 16.072 0.014 54050.115562 16.069 0.02
-41.834603 0.916271 54053.120905 17.433 0.024 54053.122572 16.098 0.009 54053.119238 16.005 0.013 54053.120072 15.979 0.01 54053.121738 15.965 0.016
-41.834603 0.916271 54056.122566 17.168 0.023 54056.124232 15.868 0.019 54056.120899 15.831 0.019 54056.121732 -99.99 0.033 54056.123399 15.911 0.022
-41.834603 0.916271 54057.091212 18.256 0.023 54057.092878 16.973 0.012 54057.089545 16.596 0.008 54057.090378 16.411 0.011 54057.092045 16.362 0.02
-41.834603 0.916271 54059.116852 18.25 0.022 54059.118519 17.008 0.012 54059.115186 16.701 0.021 54059.116019 16.569 0.014 54059.117686 16.494 0.016
-41.834603 0.916271 54061.127911 17.712 0.029 54061.129578 16.438 0.013 54061.126245 16.23 0.015 54061.127078 16.147 0.02 54061.128745 16.13 0.022
-41.834603 0.916271 54062.121749 18.431 0.027 54062.123415 17.202 0.02 54062.120082 16.83 0.019 54062.120915 16.664 0.021 54062.122582 16.603 0.017
-41.834603 0.916271 54068.111716 18.289 0.044 54068.113383 17.103 0.022 54068.110049 16.686 0.013 54068.110883 16.564 0.014 54068.112549 16.456 0.014
-41.834603 0.916271 54357.16006 17.313 0.02 54357.161727 15.984 0.019 54357.158393 15.903 0.016 54357.159227 15.968 0.016 54357.160893 15.928 0.02
-41.834603 0.916271 54365.1579 17.578 0.019 54365.159567 16.283 0.012 54365.156233 16.129 0.011 54365.157067 16.068 0.011 54365.158733 16.041 0.015
-41.834603 0.916271 54385.207869 17.188 0.021 54385.209536 15.871 0.011 54385.206203 15.866 0.011 54385.207036 15.901 0.013 54385.208703 15.903 0.016
-41.834603 0.916271 54387.208362 17.857 0.024 54387.210029 16.563 0.01 54387.206695 16.315 0.012 54387.207529 16.171 0.011 54387.209195 16.168 0.013
-41.834603 0.916271 54392.20309 18.22 0.033 54392.204757 16.928 0.039 54392.201423 16.584 0.022 54392.202257 16.455 0.024 54392.203923 16.316 0.018
-41.834603 0.916271 54402.20155 18.336 0.036 54402.203217 17.095 0.012 54402.199884 16.72 0.012 54402.200717 16.545 0.015 54402.202384 16.517 0.017
