-7.502354 0.687119 51075.279075 21.792 0.183 51075.280741 20.921 0.04 51075.277408 20.709 0.045 51075.278241 20.561 0.069 51075.279908 20.884 0.341
-7.502354 0.687119 51464.266954 22.558 0.433 51464.26862 20.803 0.042 51464.265287 20.706 0.047 51464.26612 20.664 0.079 51464.267787 20.259 0.172
-7.502354 0.687119 52196.279623 22.171 0.268 52196.281289 20.797 0.032 52196.277956 20.614 0.038 52196.278789 20.427 0.054 52196.280456 20.275 0.159
-7.502354 0.687119 52197.292699 21.69 0.167 52197.294365 20.733 0.029 52197.291032 20.536 0.029 52197.291865 20.472 0.042 52197.293532 20.552 0.157
-7.502354 0.687119 52225.142883 21.573 0.117 52225.144549 20.352 0.021 52225.141216 20.262 0.026 52225.142049 20.332 0.04 52225.143716 20.353 0.135
-7.502354 0.687119 52231.178668 21.768 0.149 52231.180334 20.711 0.027 52231.177001 20.631 0.033 52231.177834 20.525 0.044 52231.179501 20.538 0.145
-7.502354 0.687119 52253.164841 21.666 0.277 52253.166507 20.435 0.033 52253.163174 20.416 0.042 52253.164007 20.33 0.056 52253.165674 20.286 0.174
-7.502354 0.687119 52557.28667 22.121 0.272 52557.288336 20.88 0.036 52557.285003 20.575 0.037 52557.285836 20.69 0.065 52557.287503 20.643 0.208
-7.502354 0.687119 52578.182753 22.153 0.193 52578.184419 20.742 0.029 52578.181086 20.542 0.033 52578.181919 20.56 0.051 52578.183586 20.307 0.137
-7.502354 0.687119 52908.261237 22.109 0.23 52908.262903 20.723 0.031 52908.25957 20.534 0.033 52908.260403 20.475 0.048 52908.26207 20.513 0.177
-7.502354 0.687119 52911.275022 21.706 0.166 52911.276688 20.655 0.028 52911.273355 20.529 0.033 52911.274188 20.422 0.048 52911.275855 20.969 0.256
-7.502354 0.687119 52930.152396 21.771 0.155 52930.154062 20.859 0.031 52930.150729 20.718 0.033 52930.151562 20.744 0.052 52930.153229 20.539 0.151
-7.502354 0.687119 52934.193137 21.762 0.191 52934.194803 20.665 0.031 52934.19147 20.544 0.038 52934.192303 20.59 0.064 52934.19397 20.675 0.202
-7.502354 0.687119 52936.189062 21.84 0.154 52936.190728 20.627 0.026 52936.187395 20.502 0.032 52936.188228 20.378 0.038 52936.189895 20.387 0.126
-7.502354 0.687119 52962.114584 21.819 0.172 52962.11625 20.829 0.034 52962.112917 20.637 0.038 52962.11375 20.553 0.057 52962.115417 20.492 0.166
-7.502354 0.687119 53270.253133 21.813 0.166 53270.254799 20.536 0.029 53270.251466 20.405 0.028 53270.252299 20.445 0.053 53270.253966 20.433 0.144
-7.502354 0.687119 53286.271786 -99.99 0.222 53286.273452 20.588 0.033 53286.270119 20.542 0.049 53286.270952 20.543 0.064 53286.272619 20.384 0.181
-7.502354 0.687119 53288.230277 21.634 0.137 53288.231943 20.558 0.024 53288.22861 20.458 0.027 53288.229443 20.418 0.039 53288.23111 20.581 0.135
-7.502354 0.687119 53294.257591 21.467 0.141 53294.259257 20.457 0.031 53294.255924 20.386 0.04 53294.256757 20.425 0.054 53294.258424 20.391 0.152
-7.502354 0.687119 53302.225944 22.352 0.867 53302.22761 20.512 0.076 53302.224277 20.42 0.078 53302.22511 20.35 0.088 53302.226777 20.267 0.186
-7.502354 0.687119 53312.181481 21.669 0.154 53312.183148 20.518 0.03 53312.179814 20.413 0.035 53312.180648 20.406 0.051 53312.182314 20.482 0.192
-7.502354 0.687119 53616.287039 21.977 0.329 53616.288705 20.627 0.036 53616.285372 20.441 0.069 53616.286205 20.474 0.068 53616.287872 20.937 0.331
-7.502354 0.687119 53623.27725 22.01 0.22 53623.278916 20.637 0.061 53623.275583 20.461 0.032 53623.276416 20.479 0.048 53623.278083 20.752 0.197
-7.502354 0.687119 53626.263463 21.526 0.181 53626.265129 20.525 0.039 53626.261796 20.366 0.036 53626.262629 20.392 0.05 53626.264296 20.343 0.139
-7.502354 0.687119 53628.248328 23.421 2.005 53628.249994 20.936 0.108 53628.246661 20.696 0.072 53628.247494 20.797 0.101 53628.249161 20.486 0.221
-7.502354 0.687119 53637.249944 21.766 0.352 53637.25161 20.549 0.052 53637.248277 20.377 0.047 53637.24911 20.465 0.079 53637.250777 20.577 0.292
-7.502354 0.687119 53639.29532 21.948 0.213 53639.296986 20.883 0.036 53639.293653 20.646 0.036 53639.294486 20.581 0.056 53639.296153 20.459 0.145
-7.502354 0.687119 53644.24239 21.987 0.153 53644.244057 20.658 0.03 53644.240723 20.477 0.028 53644.241557 20.476 0.038 53644.243223 20.509 0.108
-7.502354 0.687119 53654.277012 21.861 0.199 53654.278678 20.608 0.026 53654.275345 20.491 0.032 53654.276178 20.456 0.048 53654.277845 20.493 0.166
-7.502354 0.687119 53656.224607 21.566 0.728 53656.226273 20.803 0.181 53656.22294 20.349 0.115 53656.223773 20.255 0.127 53656.22544 20.584 0.477
-7.502354 0.687119 53663.237915 21.953 0.381 53663.239581 20.733 0.056 53663.236248 20.509 0.042 53663.237081 20.508 0.052 53663.238748 20.447 0.13
-7.502354 0.687119 53668.227516 21.407 0.18 53668.229182 20.505 0.031 53668.225849 20.362 0.038 53668.226682 20.467 0.068 53668.228349 20.452 0.25
-7.502354 0.687119 53670.232368 21.742 0.162 53670.234034 20.655 0.026 53670.230701 20.543 0.032 53670.231534 20.482 0.049 53670.233201 20.498 0.153
-7.502354 0.687119 53673.200353 21.386 0.152 53673.202019 20.305 0.023 53673.198686 20.33 0.032 53673.199519 20.313 0.053 53673.201186 20.513 0.161
-7.502354 0.687119 53675.197241 21.947 0.245 53675.198907 20.88 0.038 53675.195574 20.6 0.048 53675.196407 20.46 0.068 53675.198074 20.56 0.221
-7.502354 0.687119 53677.218272 21.674 0.134 53677.219938 20.613 0.024 53677.216605 20.501 0.03 53677.217438 20.492 0.044 53677.219105 20.446 0.12
-7.502354 0.687119 53680.204938 22.315 0.27 53680.206604 20.962 0.036 53680.203271 20.661 0.038 53680.204104 20.627 0.053 53680.205771 20.773 0.188
-7.502354 0.687119 53704.190161 22.161 0.261 53704.191827 20.858 0.032 53704.188494 20.665 0.038 53704.189327 20.554 0.058 53704.190994 20.671 0.186
-7.502354 0.687119 53974.282834 21.435 0.101 53974.284501 20.346 0.021 53974.281167 20.338 0.023 53974.282001 20.288 0.032 53974.283667 20.301 0.1
-7.502354 0.687119 53989.286234 21.65 0.306 53989.287901 20.611 0.06 53989.284567 20.637 0.053 53989.285401 20.478 0.056 53989.287067 20.611 0.166
-7.502354 0.687119 53997.381865 21.841 0.227 53997.383531 -99.99 0.033 53997.380198 -99.99 0.038 53997.381031 20.591 0.057 53997.382698 -99.99 0.143
-7.502354 0.687119 54000.261646 22.397 0.317 54000.263313 20.794 0.039 54000.25998 20.599 0.04 54000.260813 20.544 0.06 54000.26248 20.685 0.212
-7.502354 0.687119 54007.311777 21.229 0.124 54007.313444 20.517 0.024 54007.31011 20.368 0.031 54007.310944 20.458 0.05 54007.31261 20.315 0.132
-7.502354 0.687119 54009.235649 22.01 0.236 54009.237315 20.873 0.044 54009.233982 20.591 0.035 54009.234815 20.538 0.047 54009.236482 20.429 0.132
-7.502354 0.687119 54011.300043 21.803 0.249 54011.30171 20.475 0.038 54011.298376 20.356 0.037 54011.29921 20.377 0.044 54011.300876 20.277 0.105
-7.502354 0.687119 54019.25028 21.272 0.282 54019.251946 20.757 0.057 54019.248613 20.525 0.053 54019.249446 20.498 0.077 54019.251113 21.074 0.325
-7.502354 0.687119 54025.299052 21.607 0.214 54025.300718 20.514 0.033 54025.297385 20.345 0.046 54025.298218 20.451 0.063 54025.299885 20.341 0.177
-7.502354 0.687119 54029.229402 21.465 0.121 54029.231069 20.411 0.023 54029.227736 20.395 0.034 54029.228569 20.312 0.04 54029.230236 20.271 0.119
-7.502354 0.687119 54348.296797 21.559 0.16 54348.298464 20.496 0.028 54348.295131 20.372 0.031 54348.295964 20.401 0.051 54348.297631 20.371 0.142
-7.502354 0.687119 54358.252624 22.172 0.307 54358.254291 20.304 0.031 54358.250957 20.337 0.031 54358.251791 20.226 0.047 54358.253457 20.382 0.181
-7.502354 0.687119 54365.285742 22.296 0.715 54365.287409 20.711 0.071 54365.284075 -99.99 0.073 54365.284909 20.678 0.087 54365.286575 21.058 0.516
-7.502354 0.687119 54373.359899 21.405 0.499 54373.361566 20.364 0.085 54373.358232 20.315 0.059 54373.359066 20.348 0.068 54373.360732 20.278 0.164
-7.502354 0.687119 54381.305351 21.669 0.15 54381.307018 20.534 0.027 54381.303685 20.425 0.041 54381.304518 20.383 0.045 54381.306185 20.46 0.139
-7.502354 0.687119 54386.297572 21.324 0.125 54386.299239 20.436 0.027 54386.295905 20.364 0.03 54386.296739 20.372 0.043 54386.298405 20.376 0.121
-7.502354 0.687119 54388.301866 21.915 0.206 54388.303532 20.855 0.033 54388.300199 20.717 0.038 54388.301032 20.514 0.047 54388.302699 20.711 0.168
-7.502354 0.687119 54403.215628 22.093 0.388 54403.217295 20.695 0.052 54403.213961 20.526 0.048 54403.214795 20.553 0.064 54403.216461 20.417 0.158
-7.502354 0.687119 54404.273245 21.255 0.183 54404.274911 20.63 0.042 54404.271578 20.548 0.04 54404.272411 20.547 0.052 54404.274078 20.614 0.154
-7.502354 0.687119 54405.271139 21.407 0.208 54405.272806 20.565 0.037 54405.269473 20.482 0.037 54405.270306 20.468 0.05 54405.271973 20.238 0.121
-7.502354 0.687119 54406.209439 21.966 0.187 54406.211106 20.908 0.036 54406.207772 20.739 0.048 54406.208606 20.636 0.055 54406.210272 20.851 0.22
-7.502354 0.687119 54412.21237 22.089 0.23 54412.214037 20.742 0.031 54412.210703 20.578 0.037 54412.211537 20.566 0.049 54412.213203 20.393 0.128
