-7.782123 0.482723 51081.262005 19.663 0.04 51081.263671 18.544 0.009 51081.260338 18.27 0.009 51081.261171 18.19 0.011 51081.262838 18.126 0.03
-7.782123 0.482723 51467.357146 19.578 0.053 51467.358812 18.402 0.009 51467.355479 18.197 0.009 51467.356312 18.07 0.011 51467.357979 18.103 0.034
-7.782123 0.482723 51819.333184 19.835 0.042 51819.33485 18.758 0.009 51819.331517 18.456 0.009 51819.33235 18.327 0.011 51819.334017 18.271 0.026
-7.782123 0.482723 52558.298426 19.491 0.032 52558.300092 18.327 0.007 52558.296759 18.111 0.007 52558.297592 18.024 0.009 52558.299259 17.981 0.02
-7.782123 0.482723 52577.185924 19.856 0.042 52577.18759 18.692 0.009 52577.184257 18.382 0.008 52577.18509 18.265 0.011 52577.186757 18.27 0.031
-7.782123 0.482723 52586.189401 19.678 0.035 52586.191067 18.455 0.007 52586.187734 18.196 0.008 52586.188567 18.089 0.01 52586.190234 18.121 0.028
-7.782123 0.482723 52910.269884 19.813 0.035 52910.27155 18.698 0.008 52910.268217 18.407 0.008 52910.26905 18.271 0.01 52910.270717 18.277 0.024
-7.782123 0.482723 52931.200086 19.659 0.033 52931.201752 18.557 0.008 52931.198419 18.314 0.008 52931.199252 18.204 0.009 52931.200919 18.192 0.023
-7.782123 0.482723 52935.197049 18.913 0.022 52935.198715 17.671 0.005 52935.195382 17.704 0.006 52935.196215 17.73 0.008 52935.197882 17.739 0.019
-7.782123 0.482723 52959.140376 19.631 0.031 52959.142042 18.522 0.008 52959.138709 18.282 0.008 52959.139542 18.191 0.009 52959.141209 18.174 0.021
-7.782123 0.482723 52963.12012 19.319 0.025 52963.121786 18.104 0.007 52963.118453 17.984 0.007 52963.119286 17.959 0.008 52963.120953 17.949 0.018
-7.782123 0.482723 53313.19025 19.81 0.047 53313.191916 18.587 0.009 53313.188583 18.37 0.009 53313.189416 18.246 0.011 53313.191083 18.218 0.031
-7.782123 0.482723 53352.091187 19.448 0.028 53352.092853 18.298 0.007 53352.08952 18.087 0.007 53352.090353 18.014 0.009 53352.09202 18.028 0.022
-7.782123 0.482723 53622.299491 19.196 0.032 53622.301157 17.99 0.007 53622.297824 17.905 0.007 53622.298657 17.877 0.009 53622.300324 17.872 0.025
-7.782123 0.482723 53634.248961 19.445 0.113 53634.250627 18.43 0.017 53634.247294 18.186 0.014 53634.248127 18.132 0.017 53634.249794 18.056 0.038
-7.782123 0.482723 53636.254494 19.315 0.043 53636.25616 18.176 0.01 53636.252827 18.033 0.008 53636.25366 17.981 0.01 53636.255327 17.967 0.025
-7.782123 0.482723 53638.290295 19.233 0.029 53638.291961 17.959 0.006 53638.288628 17.911 0.007 53638.289461 17.935 0.008 53638.291128 17.917 0.019
-7.782123 0.482723 53640.25433 -99.99 1.573 53640.255996 -99.99 0.009 53640.252663 -99.99 0.01 53640.253496 -99.99 0.016 53640.255163 18.235 0.036
-7.782123 0.482723 53655.226501 19.728 0.101 53655.228167 18.605 0.015 53655.224834 18.332 0.014 53655.225667 18.199 0.016 53655.227334 18.164 0.042
-7.782123 0.482723 53664.251457 19.545 0.062 53664.253123 18.372 0.011 53664.24979 18.169 0.009 53664.250623 18.069 0.011 53664.25229 18.055 0.028
-7.782123 0.482723 53666.21506 18.584 0.019 53666.216726 17.388 0.005 53666.213393 17.474 0.006 53666.214226 17.579 0.007 53666.215893 17.592 0.016
-7.782123 0.482723 53669.210699 19.8 0.037 53669.212365 18.617 0.008 53669.209032 18.345 0.008 53669.209865 18.221 0.01 53669.211532 18.219 0.025
-7.782123 0.482723 53671.295476 19.646 0.051 53671.297142 18.588 0.009 53671.293809 18.3 0.009 53671.294642 18.177 0.01 53671.296309 18.119 0.027
-7.782123 0.482723 53674.194935 19.303 0.03 53674.196601 18.154 0.007 53674.193268 18.109 0.007 53674.194101 18.055 0.009 53674.195768 18.085 0.022
-7.782123 0.482723 53676.284419 19.638 0.048 53676.286085 18.506 0.008 53676.282752 18.309 0.009 53676.283585 18.196 0.011 53676.285252 18.168 0.026
-7.782123 0.482723 53679.256307 19.486 0.039 53679.257973 18.335 0.007 53679.25464 18.112 0.008 53679.255473 18.025 0.01 53679.25714 18.035 0.025
-7.782123 0.482723 53681.247819 19.116 0.029 53681.249485 17.895 0.006 53681.246152 17.835 0.007 53681.246985 17.848 0.008 53681.248652 17.85 0.019
-7.782123 0.482723 53685.20687 -99.99 0.138 53685.208536 18.365 0.021 53685.205203 18.162 0.02 53685.206036 -99.99 0.021 53685.207703 17.986 0.048
-7.782123 0.482723 53687.245209 19.174 0.063 53687.246875 18.047 0.011 53687.243542 17.931 0.01 53687.244375 17.877 0.01 53687.246042 17.853 0.02
-7.782123 0.482723 53697.204843 19.788 0.075 53697.206509 18.661 0.012 53697.203176 18.409 0.022 53697.204009 18.301 0.021 53697.205676 18.283 0.037
-7.782123 0.482723 53700.203803 19.55 0.04 53700.205469 18.407 0.008 53700.202136 18.157 0.008 53700.202969 18.088 0.01 53700.204636 18.061 0.026
-7.782123 0.482723 53705.190472 19.768 0.042 53705.192138 18.649 0.009 53705.188805 18.377 0.008 53705.189638 18.243 0.01 53705.191305 18.215 0.023
-7.782123 0.482723 53975.275483 19.429 0.044 53975.27715 18.164 0.02 53975.273816 17.981 0.022 53975.27465 17.939 0.021 53975.276316 17.945 0.033
-7.782123 0.482723 53993.343295 19.526 0.067 53993.344962 18.401 0.018 53993.341628 18.261 0.015 53993.342462 18.15 0.018 53993.344128 18.102 0.031
-7.782123 0.482723 53996.282219 19.627 0.033 53996.283886 18.465 0.018 53996.280553 18.201 0.016 53996.281386 18.092 0.015 53996.283053 18.048 0.024
-7.782123 0.482723 53998.250871 18.934 0.024 53998.252537 17.703 0.028 53998.249204 17.692 0.017 53998.250037 17.741 0.017 53998.251704 17.759 0.02
-7.782123 0.482723 54005.281088 -99.99 0.025 54005.282754 18.18 0.021 54005.279421 18.006 0.015 54005.280254 17.961 0.014 54005.281921 17.968 0.02
-7.782123 0.482723 54010.236345 19.601 0.035 54010.238012 18.465 0.014 54010.234678 18.217 0.014 54010.235512 18.106 0.016 54010.237178 18.072 0.02
-7.782123 0.482723 54012.229163 19.344 0.047 54012.230829 18.157 0.015 54012.227496 18.01 0.011 54012.228329 17.939 0.016 54012.229996 18.01 0.025
-7.782123 0.482723 54020.235189 19.148 0.037 54020.236855 17.967 0.017 54020.233522 17.899 0.016 54020.234355 17.891 0.014 54020.236022 17.948 0.024
-7.782123 0.482723 54022.284422 19.367 0.033 54022.286089 -99.99 0.015 54022.282755 -99.99 0.015 54022.283589 18.085 0.018 54022.285255 18.108 0.034
-7.782123 0.482723 54028.225517 19.143 0.03 54028.227183 18.001 0.022 54028.22385 17.934 0.017 54028.224683 17.934 0.015 54028.22635 17.969 0.026
-7.782123 0.482723 54030.228691 19.848 0.034 54030.230358 18.663 0.015 54030.227024 18.373 0.01 54030.227858 18.254 0.017 54030.229524 18.221 0.023
-7.782123 0.482723 54035.304505 19.146 0.035 54035.306171 17.958 0.013 54035.302838 17.878 0.013 54035.303671 17.848 0.015 54035.305338 17.874 0.027
-7.782123 0.482723 54037.209939 19.776 0.05 54037.211605 18.657 0.015 54037.208272 18.382 0.016 54037.209105 18.266 0.02 54037.210772 18.255 0.034
-7.782123 0.482723 54040.224472 19.587 0.059 54040.226139 18.379 0.015 54040.222805 18.144 0.014 54040.223639 18.061 0.021 54040.225305 18.077 0.028
-7.782123 0.482723 54049.250905 19.449 0.062 54049.252572 18.206 0.017 54049.249239 18.053 0.013 54049.250072 17.97 0.017 54049.251739 17.938 0.025
-7.782123 0.482723 54050.20924 18.97 0.032 54050.210906 17.705 0.027 54050.207573 17.711 0.021 54050.208406 17.757 0.029 54050.210073 17.786 0.029
-7.782123 0.482723 54053.215211 19.666 0.033 54053.216878 18.509 0.017 54053.213544 18.236 0.013 54053.214378 18.119 0.014 54053.216044 18.133 0.027
-7.782123 0.482723 54056.216911 -99.99 0.04 54056.218578 18.108 0.033 54056.215245 17.948 0.015 54056.216078 17.901 0.019 54056.217745 -99.99 0.027
-7.782123 0.482723 54059.211218 19.819 0.07 54059.212885 18.609 0.023 54059.209551 18.339 0.018 54059.210385 18.262 0.019 54059.212051 18.238 0.039
-7.782123 0.482723 54062.216074 19.448 0.045 54062.21774 18.311 0.032 54062.214407 18.072 0.016 54062.21524 18.015 0.022 54062.216907 18.032 0.036
-7.782123 0.482723 54357.254374 19.527 0.034 54357.256041 18.377 0.035 54357.252708 18.12 0.019 54357.253541 18.048 0.021 54357.255208 18.022 0.027
-7.782123 0.482723 54362.304174 19.877 0.039 54362.30584 18.6 0.02 54362.302507 18.381 0.025 54362.30334 18.262 0.018 54362.305007 18.235 0.029
-7.782123 0.482723 54385.302238 19.721 0.047 54385.303904 -99.99 0.025 54385.300571 18.349 0.022 54385.301404 18.218 0.014 54385.303071 18.191 0.03
-7.782123 0.482723 54387.302699 19.677 0.049 54387.304366 18.547 0.021 54387.301032 18.258 0.015 54387.301866 18.143 0.016 54387.303532 18.153 0.028
-7.782123 0.482723 54392.297433 19.698 0.047 54392.299099 18.586 0.023 54392.295766 18.343 0.015 54392.296599 18.246 0.018 54392.298266 18.202 0.027
-7.782123 0.482723 54402.295854 19.717 0.097 54402.29752 18.471 0.022 54402.294187 18.176 0.015 54402.29502 18.072 0.016 54402.296687 18.114 0.027
