-47.434681 -0.147687 52075.329578 16.553 0.007 52075.331244 15.323 0.003 52075.327911 15.233 0.003 52075.328744 15.236 0.004 52075.330411 15.229 0.005
-47.434681 -0.147687 52197.138236 16.507 0.007 52197.139902 15.245 0.004 52197.136569 15.177 0.004 52197.137402 15.178 0.004 52197.139069 15.184 0.006
-47.434681 -0.147687 52557.176071 16.962 0.008 52557.177737 15.74 0.003 52557.174404 15.513 0.004 52557.175237 15.435 0.004 52557.176904 15.414 0.006
-47.434681 -0.147687 52578.072146 16.506 0.006 52578.073812 15.23 0.003 52578.070479 15.163 0.004 52578.071312 15.168 0.004 52578.072979 15.186 0.005
-47.434681 -0.147687 52929.102373 16.551 0.007 52929.104039 15.254 0.003 52929.100706 15.168 0.004 52929.101539 15.177 0.004 52929.103206 15.185 0.005
-47.434681 -0.147687 52934.08253 16.886 0.008 52934.084196 15.641 0.003 52934.080863 15.467 0.004 52934.081696 15.401 0.004 52934.083363 15.374 0.006
-47.434681 -0.147687 52936.078455 16.997 0.008 52936.080121 15.743 0.004 52936.076788 15.511 0.005 52936.077621 15.441 0.005 52936.079288 15.425 0.006
-47.434681 -0.147687 53243.263667 16.771 0.008 53243.265333 15.52 0.003 53243.262 15.385 0.003 53243.262833 15.339 0.004 53243.2645 15.318 0.006
-47.434681 -0.147687 53270.142513 16.677 0.019 53270.14418 15.462 0.009 53270.140847 15.328 0.008 53270.14168 15.294 0.011 53270.143347 15.265 0.016
-47.434681 -0.147687 53272.192468 16.656 0.008 53272.194134 15.41 0.003 53272.190801 15.297 0.003 53272.191634 15.274 0.004 53272.193301 15.279 0.005
-47.434681 -0.147687 53288.119671 16.966 0.008 53288.121337 15.716 0.003 53288.118004 15.505 0.003 53288.118837 15.435 0.004 53288.120504 15.41 0.006
-47.434681 -0.147687 53302.11534 16.718 0.008 53302.117006 15.456 0.004 53302.113673 15.34 0.004 53302.114506 15.304 0.005 53302.116173 15.301 0.006
-47.434681 -0.147687 53312.070871 16.542 0.012 53312.072537 15.261 0.008 53312.069204 15.17 0.004 53312.070037 15.168 0.005 53312.071704 15.183 0.01
-47.434681 -0.147687 53314.072067 16.551 0.007 53314.073733 15.247 0.003 53314.0704 15.174 0.004 53314.071233 15.188 0.004 53314.0729 15.199 0.006
-47.434681 -0.147687 53623.166652 16.865 0.008 53623.168318 15.613 0.004 53623.164985 15.456 0.004 53623.165818 15.391 0.004 53623.167485 15.378 0.006
-47.434681 -0.147687 53626.152862 16.991 0.01 53626.154528 15.732 0.004 53626.151195 15.51 0.005 53626.152028 15.433 0.005 53626.153695 15.399 0.006
-47.434681 -0.147687 53628.137729 16.856 0.01 53628.139395 15.607 0.003 53628.136062 15.406 0.003 53628.136895 15.342 0.003 53628.138562 15.332 0.006
-47.434681 -0.147687 53637.13934 16.682 0.008 53637.141006 15.407 0.003 53637.137673 15.299 0.003 53637.138506 15.208 0.003 53637.140173 15.27 0.005
-47.434681 -0.147687 53644.131784 16.855 0.017 53644.133451 15.613 0.006 53644.130118 15.401 0.013 53644.130951 15.356 0.01 53644.132618 15.313 0.016
-47.434681 -0.147687 53649.126412 -99.99 0.021 53649.128078 -99.99 0.004 53649.124745 -99.99 0.01 53649.125578 -99.99 0.007 53649.127245 -99.99 0.02
-47.434681 -0.147687 53654.166412 16.57 0.008 53654.168078 15.327 0.004 53654.164745 15.233 0.004 53654.165578 15.218 0.005 53654.167245 15.239 0.006
-47.434681 -0.147687 53656.114002 16.997 0.011 53656.115668 15.735 0.003 53656.112335 15.522 0.003 53656.113168 15.442 0.003 53656.114835 15.421 0.006
-47.434681 -0.147687 53665.105282 16.587 0.014 53665.106948 15.262 0.006 53665.103615 15.184 0.007 53665.104448 15.197 0.009 53665.106115 -99.99 0.012
-47.434681 -0.147687 53668.116914 16.572 0.007 53668.11858 15.298 0.003 53668.115247 15.223 0.003 53668.11608 15.217 0.003 53668.117747 15.23 0.005
-47.434681 -0.147687 53670.121766 16.742 0.007 53670.123432 15.468 0.003 53670.120099 15.355 0.003 53670.120932 15.318 0.003 53670.122599 15.306 0.005
-47.434681 -0.147687 53673.08975 16.965 0.008 53673.091416 15.72 0.003 53673.088083 15.499 0.003 53673.088916 15.424 0.004 53673.090583 15.397 0.006
-47.434681 -0.147687 53675.086638 16.871 0.008 53675.088304 15.612 0.003 53675.084971 15.418 0.003 53675.085804 15.355 0.004 53675.087471 15.329 0.005
-47.434681 -0.147687 53677.10767 16.805 0.008 53677.109336 15.543 0.003 53677.106003 15.36 0.004 53677.106836 15.297 0.004 53677.108503 15.293 0.005
-47.434681 -0.147687 53680.094336 16.553 0.007 53680.096002 15.264 0.004 53680.092669 15.174 0.004 53680.093502 15.165 0.005 53680.095169 15.172 0.006
-47.434681 -0.147687 53693.09624 16.782 0.009 53693.097906 15.576 0.003 53693.094573 15.379 0.003 53693.095406 15.315 0.004 53693.097073 15.306 0.005
-47.434681 -0.147687 53702.091932 16.749 0.012 53702.093599 15.484 0.009 53702.090266 15.374 0.008 53702.091099 15.327 0.009 53702.092766 15.297 0.013
-47.434681 -0.147687 53703.101054 16.84 0.022 53703.10272 15.597 0.034 53703.099387 15.426 0.023 53703.10022 15.392 0.017 53703.101887 15.365 0.014
-47.434681 -0.147687 53704.079568 16.954 0.009 53704.081234 15.746 0.003 53704.077901 15.521 0.004 53704.078734 15.429 0.004 53704.080401 15.41 0.006
-47.434681 -0.147687 53974.167515 16.826 0.02 53974.169181 15.596 0.01 53974.165848 15.448 0.012 53974.166681 15.364 0.007 53974.168348 15.346 0.013
-47.434681 -0.147687 53989.156944 16.651 0.016 53989.158611 15.38 0.008 53989.155278 15.311 0.007 53989.156111 15.273 0.008 53989.157778 15.24 0.016
-47.434681 -0.147687 53995.164859 16.959 0.015 53995.166526 15.728 0.01 53995.163192 15.493 0.007 53995.164026 15.4 0.011 53995.165692 15.389 0.014
-47.434681 -0.147687 53997.143238 16.759 0.014 53997.144904 15.51 0.017 53997.141571 -99.99 0.012 53997.142404 15.291 0.03 53997.144071 15.274 0.02
-47.434681 -0.147687 54005.115082 16.877 0.019 54005.116748 15.628 0.009 54005.113415 15.445 0.005 54005.114248 15.385 0.007 54005.115915 15.361 0.014
-47.434681 -0.147687 54007.127835 16.968 0.017 54007.129502 15.748 0.009 54007.126169 15.517 0.006 54007.127002 15.441 0.007 54007.128669 15.405 0.015
-47.434681 -0.147687 54009.124948 16.963 0.015 54009.126615 15.732 0.009 54009.123282 15.502 0.013 54009.124115 15.443 0.009 54009.125782 15.396 0.015
-47.434681 -0.147687 54011.189435 16.983 0.015 54011.191101 15.751 0.014 54011.187768 15.513 0.01 54011.188601 15.428 0.013 54011.190268 15.428 0.015
-47.434681 -0.147687 54019.139671 16.494 0.016 54019.141338 15.251 0.007 54019.138004 15.15 0.011 54019.138838 15.155 0.007 54019.140504 15.173 0.015
-47.434681 -0.147687 54025.188455 16.853 0.017 54025.190122 15.613 0.008 54025.186788 15.437 0.007 54025.187622 15.35 0.012 54025.189288 15.358 0.013
-47.434681 -0.147687 54029.118788 16.758 0.014 54029.120455 15.507 0.012 54029.117122 15.329 0.006 54029.117955 15.295 0.007 54029.119622 15.274 0.018
-47.434681 -0.147687 54051.095366 -99.99 0.027 54051.097032 15.307 0.016 54051.093699 15.201 0.012 54051.094532 -99.99 0.014 54051.096199 -99.99 0.018
-47.434681 -0.147687 54356.196951 16.497 0.018 54356.198617 15.249 0.008 54356.195284 15.179 0.007 54356.196117 15.187 0.007 54356.197784 15.166 0.022
-47.434681 -0.147687 54373.174111 16.571 0.017 54373.175778 15.336 0.009 54373.172444 15.221 0.012 54373.173278 15.207 0.011 54373.174944 15.213 0.013
-47.434681 -0.147687 54381.186801 16.939 0.02 54381.188467 15.696 0.008 54381.185134 15.444 0.011 54381.185967 15.384 0.008 54381.187634 15.363 0.019
-47.434681 -0.147687 54382.184207 16.861 0.016 54382.185874 15.626 0.011 54382.182541 15.41 0.006 54382.183374 15.314 0.009 54382.185041 15.324 0.018
-47.434681 -0.147687 54383.189939 16.815 0.018 54383.191606 15.58 0.01 54383.188272 15.349 0.009 54383.189106 15.316 0.008 54383.190772 15.304 0.015
-47.434681 -0.147687 54386.18696 16.609 0.013 54386.188627 15.338 0.011 54386.185294 15.192 0.01 54386.186127 15.186 0.007 54386.187794 15.195 0.015
-47.434681 -0.147687 54388.191226 16.495 0.02 54388.192892 15.234 0.008 54388.189559 15.156 0.005 54388.190392 15.167 0.007 54388.192059 15.166 0.011
-47.434681 -0.147687 54403.105002 16.587 0.019 54403.106669 15.342 0.009 54403.103335 15.235 0.006 54403.104169 15.265 0.006 54403.105835 15.227 0.018
-47.434681 -0.147687 54406.098832 16.931 0.018 54406.100499 15.74 0.013 54406.097165 15.507 0.016 54406.097999 15.403 0.013 54406.099665 15.41 0.02
-47.434681 -0.147687 54412.101763 16.808 0.017 54412.10343 15.578 0.008 54412.100097 15.365 0.009 54412.10093 15.298 0.01 54412.102597 15.285 0.015
-47.434681 -0.147687 54415.139318 16.679 0.014 54415.140985 15.457 0.008 54415.137651 15.276 0.006 54415.138485 15.244 0.007 54415.140151 15.243 0.015
