-47.872866 -0.073813 52075.328366 17.24 0.01 52075.330032 15.93 0.003 52075.326699 15.962 0.004 52075.327532 15.975 0.004 52075.329199 15.976 0.007
-47.872866 -0.073813 52197.137012 17.677 0.011 52197.138678 16.397 0.004 52197.135345 16.232 0.005 52197.136178 16.187 0.005 52197.137845 16.157 0.008
-47.872866 -0.073813 52557.174857 17.597 0.011 52557.176523 16.292 0.004 52557.17319 16.161 0.004 52557.174023 16.128 0.004 52557.17569 16.126 0.008
-47.872866 -0.073813 52578.070932 18.163 0.014 52578.072598 16.915 0.004 52578.069265 16.625 0.004 52578.070098 16.524 0.005 52578.071765 16.459 0.009
-47.872866 -0.073813 52929.101159 18.088 0.013 52929.102825 16.844 0.004 52929.099492 16.539 0.004 52929.100325 16.427 0.005 52929.101992 16.365 0.008
-47.872866 -0.073813 52934.081315 16.981 0.008 52934.082981 15.715 0.004 52934.079648 15.748 0.004 52934.080481 15.842 0.005 52934.082148 15.874 0.007
-47.872866 -0.073813 52936.077241 17.816 0.012 52936.078907 16.537 0.004 52936.075574 16.316 0.005 52936.076407 16.246 0.005 52936.078074 16.244 0.008
-47.872866 -0.073813 53243.262453 18.166 0.021 53243.264119 16.961 0.005 53243.260786 16.672 0.004 53243.261619 16.559 0.005 53243.263286 16.535 0.01
-47.872866 -0.073813 53270.141316 16.753 0.014 53270.142982 15.563 0.008 53270.139649 15.638 0.005 53270.140482 15.762 0.007 53270.142149 15.796 0.017
-47.872866 -0.073813 53272.191253 17.883 0.019 53272.192919 16.671 0.004 53272.189586 16.416 0.004 53272.190419 16.318 0.004 53272.192086 16.284 0.008
-47.872866 -0.073813 53288.118457 17.704 0.012 53288.120123 16.399 0.004 53288.11679 16.243 0.004 53288.117623 16.15 0.004 53288.11929 16.168 0.008
-47.872866 -0.073813 53302.114126 16.828 0.009 53302.115792 15.599 0.004 53302.112459 15.669 0.005 53302.113292 15.78 0.005 53302.114959 15.821 0.007
-47.872866 -0.073813 53312.069665 17.552 0.015 53312.071332 16.269 0.007 53312.067998 16.135 0.006 53312.068832 16.105 0.006 53312.070498 16.094 0.016
-47.872866 -0.073813 53314.070853 18.049 0.014 53314.072519 16.841 0.004 53314.069186 16.538 0.005 53314.070019 16.414 0.005 53314.071686 16.376 0.009
-47.872866 -0.073813 53623.165439 16.966 0.009 53623.167105 15.699 0.004 53623.163772 15.761 0.004 53623.164605 15.847 0.004 53623.166272 15.857 0.007
-47.872866 -0.073813 53626.151648 17.996 0.016 53626.153314 16.749 0.005 53626.149981 16.456 0.005 53626.150814 16.355 0.005 53626.152481 16.325 0.009
-47.872866 -0.073813 53628.136515 18.214 0.026 53628.138181 16.967 0.005 53628.134848 16.635 0.005 53628.135681 16.514 0.005 53628.137348 16.47 0.01
-47.872866 -0.073813 53637.138127 18.173 0.017 53637.139793 16.981 0.004 53637.13646 16.632 0.004 53637.137293 16.516 0.005 53637.13896 -99.99 0.01
-47.872866 -0.073813 53644.130568 18.186 0.02 53644.132235 16.936 0.01 53644.128902 16.63 0.01 53644.129735 16.515 0.006 53644.131402 16.426 0.019
-47.872866 -0.073813 53649.125198 -99.99 0.096 53649.126864 -99.99 0.01 53649.123531 -99.99 0.01 53649.124364 -99.99 0.01 53649.126031 -99.99 0.033
-47.872866 -0.073813 53654.165198 16.753 0.008 53654.166864 15.554 0.004 53654.163531 15.653 0.004 53654.164364 15.76 0.005 53654.166031 15.807 0.007
-47.872866 -0.073813 53656.112789 17.352 0.014 53656.114455 16.052 0.004 53656.111122 15.991 0.004 53656.111955 16.017 0.004 53656.113622 16.027 0.008
-47.872866 -0.073813 53665.104068 -99.99 0.03 53665.105734 16.463 0.005 53665.102401 16.274 0.006 53665.103234 16.217 0.008 53665.104901 16.208 0.017
-47.872866 -0.073813 53668.1157 18.166 0.018 53668.117366 16.916 0.004 53668.114033 16.608 0.004 53668.114866 16.491 0.004 53668.116533 16.433 0.011
-47.872866 -0.073813 53670.120552 17.74 0.013 53670.122218 16.497 0.004 53670.118885 16.438 0.004 53670.119718 16.363 0.004 53670.121385 16.322 0.009
-47.872866 -0.073813 53673.088536 17.687 0.012 53673.090202 16.41 0.004 53673.086869 16.24 0.004 53673.087702 16.193 0.004 53673.089369 16.15 0.008
-47.872866 -0.073813 53675.085424 18.153 0.015 53675.08709 16.903 0.004 53675.083757 16.571 0.004 53675.08459 16.442 0.004 53675.086257 16.397 0.009
-47.872866 -0.073813 53677.106456 18.142 0.015 53677.108122 16.928 0.004 53677.104789 16.635 0.005 53677.105622 16.533 0.005 53677.107289 16.484 0.009
-47.872866 -0.073813 53680.093122 17.408 0.01 53680.094788 16.108 0.004 53680.091455 16.035 0.005 53680.092288 16.046 0.005 53680.093955 16.053 0.007
-47.872866 -0.073813 53693.095027 18.149 0.017 53693.096693 16.893 0.005 53693.09336 16.649 0.004 53693.094193 16.534 0.005 53693.09586 16.463 0.009
-47.872866 -0.073813 53702.090702 17.537 0.016 53702.092368 16.271 0.008 53702.089035 16.303 0.011 53702.089868 16.283 0.017 53702.091535 16.198 0.016
-47.872866 -0.073813 53703.099831 17.203 0.017 53703.101498 15.874 0.01 53703.098164 15.853 0.006 53703.098998 15.913 0.024 53703.100664 15.926 0.015
-47.872866 -0.073813 53974.166298 18.144 0.017 53974.167965 16.926 0.006 53974.164632 16.651 0.01 53974.165465 16.497 0.008 53974.167132 16.479 0.015
-47.872866 -0.073813 53989.155732 18.203 0.024 53989.157399 16.949 0.016 53989.154065 16.642 0.009 53989.154899 16.542 0.011 53989.156565 16.426 0.016
-47.872866 -0.073813 53995.163667 18.089 0.019 53995.165334 16.851 0.008 53995.162001 16.523 0.008 53995.162834 16.407 0.007 53995.164501 16.361 0.017
-47.872866 -0.073813 53997.142022 18.221 0.024 53997.143689 16.928 0.012 53997.140355 16.638 0.013 53997.141189 16.53 0.01 53997.142855 16.439 0.019
-47.872866 -0.073813 54005.113868 18.176 0.02 54005.115535 16.968 0.007 54005.112201 16.661 0.01 54005.113035 16.5 0.006 54005.114701 16.452 0.013
-47.872866 -0.073813 54007.12662 18.164 0.022 54007.128286 16.954 0.009 54007.124953 16.692 0.007 54007.125786 16.585 0.009 54007.127453 16.558 0.015
-47.872866 -0.073813 54009.123728 17.446 0.019 54009.125394 16.134 0.008 54009.122061 16.042 0.009 54009.122894 16.038 0.009 54009.124561 16.059 0.019
-47.872866 -0.073813 54011.188218 18.209 0.023 54011.189884 16.968 0.012 54011.186551 16.641 0.009 54011.187384 16.488 0.016 54011.189051 16.425 0.021
-47.872866 -0.073813 54019.13845 18.106 0.018 54019.140117 16.854 0.01 54019.136784 16.528 0.006 54019.137617 16.403 0.033 54019.139284 16.358 0.014
-47.872866 -0.073813 54025.187248 17.84 0.017 54025.188915 16.615 0.009 54025.185582 16.356 0.006 54025.186415 16.264 0.005 54025.188082 16.247 0.017
-47.872866 -0.073813 54029.117574 18.171 0.021 54029.11924 16.945 0.008 54029.115907 16.594 0.012 54029.11674 16.518 0.01 54029.118407 16.452 0.017
-47.872866 -0.073813 54051.094153 -99.99 0.03 54051.095819 -99.99 0.019 54051.092486 -99.99 0.024 54051.093319 16.425 0.018 54051.094986 -99.99 0.031
-47.872866 -0.073813 54356.195733 18.188 0.02 54356.1974 16.951 0.009 54356.194066 16.621 0.01 54356.1949 16.481 0.006 54356.196566 16.412 0.017
-47.872866 -0.073813 54358.140798 18.218 0.023 54358.142465 16.974 0.01 54358.139131 16.613 0.01 54358.139965 16.451 0.017 54358.141631 16.45 0.016
-47.872866 -0.073813 54373.172892 18.233 0.023 54373.174559 16.944 0.009 54373.171226 16.628 0.01 54373.172059 16.487 0.059 54373.173726 16.458 0.014
-47.872866 -0.073813 54381.185591 18.171 0.025 54381.187257 16.935 0.008 54381.183924 16.586 0.014 54381.184757 16.486 0.012 54381.186424 -99.99 0.016
-47.872866 -0.073813 54382.182998 18.191 0.022 54382.184664 16.91 0.03 54382.181331 16.618 0.011 54382.182164 16.493 0.011 54382.183831 16.513 0.015
-47.872866 -0.073813 54383.188773 17.344 0.018 54383.19044 16.051 0.012 54383.187107 16.103 0.008 54383.18794 16.087 0.008 54383.189607 16.102 0.016
-47.872866 -0.073813 54386.185745 17.87 0.021 54386.187412 16.639 0.007 54386.184079 16.354 0.007 54386.184912 16.264 0.017 54386.186579 16.24 0.016
-47.872866 -0.073813 54388.190018 18.241 0.021 54388.191684 16.981 0.012 54388.188351 16.639 0.006 54388.189184 16.497 0.007 54388.190851 16.444 0.017
-47.872866 -0.073813 54403.103824 17.875 0.019 54403.105491 16.583 0.007 54403.102157 16.34 0.007 54403.102991 16.251 0.01 54403.104657 16.244 0.018
-47.872866 -0.073813 54406.097617 18.218 0.024 54406.099284 16.918 0.016 54406.09595 16.631 0.005 54406.096784 16.512 0.013 54406.09845 16.474 0.017
-47.872866 -0.073813 54412.100549 18.081 0.022 54412.102215 16.857 0.01 54412.098882 16.516 0.008 54412.099715 16.405 0.011 54412.101382 16.359 0.02
-47.872866 -0.073813 54415.138126 18.047 0.018 54415.139793 16.81 0.008 54415.13646 16.619 0.006 54415.137293 16.52 0.008 54415.13896 16.445 0.016
