-5.044503 -0.276307 51081.269569 21.06 0.125 51081.271235 20.007 0.025 51081.267902 20.042 0.031 51081.268735 20.07 0.041 51081.270402 20.036 0.167
-5.044503 -0.276307 51467.36471 20.772 0.126 51467.366376 19.615 0.018 51467.363043 19.718 0.025 51467.363876 19.84 0.04 51467.365543 19.863 0.174
-5.044503 -0.276307 51819.340725 21.545 0.161 51819.342391 20.686 0.031 51819.339058 20.427 0.032 51819.339891 20.296 0.039 51819.341558 20.134 0.136
-5.044503 -0.276307 52558.306008 21.288 0.119 52558.307674 20.237 0.02 52558.304341 20.081 0.024 52558.305174 20.03 0.027 52558.306841 19.97 0.086
-5.044503 -0.276307 52577.193506 21.96 0.214 52577.195172 20.726 0.033 52577.191839 20.45 0.034 52577.192672 20.326 0.044 52577.194339 20.321 0.181
-5.044503 -0.276307 52586.196985 22.07 0.267 52586.198651 20.703 0.031 52586.195318 20.445 0.042 52586.196151 20.322 0.056 52586.197818 20.499 0.245
-5.044503 -0.276307 52910.277468 20.666 0.064 52910.279134 19.467 0.012 52910.275801 19.548 0.015 52910.276634 19.699 0.021 52910.278301 19.754 0.077
-5.044503 -0.276307 52931.207668 21.701 0.173 52931.209334 20.599 0.028 52931.206001 20.289 0.027 52931.206834 20.109 0.031 52931.208501 20.126 0.118
-5.044503 -0.276307 52935.204632 21.015 0.094 52935.206298 20.16 0.02 52935.202965 20.106 0.025 52935.203798 20.114 0.033 52935.205465 20.302 0.158
-5.044503 -0.276307 52959.147959 20.8 0.067 52959.149625 19.521 0.012 52959.146292 19.589 0.017 52959.147125 19.733 0.022 52959.148792 19.885 0.087
-5.044503 -0.276307 52963.127704 21.939 0.144 52963.12937 20.705 0.025 52963.126037 20.374 0.025 52963.12687 20.303 0.03 52963.128537 20.24 0.096
-5.044503 -0.276307 53313.197831 22.057 0.361 53313.199497 20.782 0.04 53313.196164 20.43 0.044 53313.196997 20.28 0.06 53313.198664 20.697 0.314
-5.044503 -0.276307 53352.098769 21.115 0.089 53352.100435 19.861 0.015 53352.097102 19.927 0.021 53352.097935 19.967 0.03 53352.099602 19.735 0.091
-5.044503 -0.276307 53622.307073 22.666 0.49 53622.308739 20.731 0.036 53622.305406 20.323 0.034 53622.306239 20.35 0.053 53622.307906 20.235 0.186
-5.044503 -0.276307 53634.256544 21.316 0.5 53634.25821 20.103 0.069 53634.254877 19.909 0.054 53634.25571 19.974 0.068 53634.257377 19.771 0.168
-5.044503 -0.276307 53636.262078 20.872 0.169 53636.263744 19.613 0.026 53636.260411 19.621 0.027 53636.261244 19.853 0.039 53636.262911 19.681 0.123
-5.044503 -0.276307 53638.297878 22.416 0.364 53638.299544 20.801 0.036 53638.296211 20.596 0.036 53638.297044 20.449 0.04 53638.298711 20.337 0.136
-5.044503 -0.276307 53640.261913 22.358 0.467 53640.263579 -99.99 0.046 53640.260246 20.564 0.047 53640.261079 20.402 0.053 53640.262746 -99.99 0.167
-5.044503 -0.276307 53655.234083 26.248 1.786 53655.235749 20.804 0.126 53655.232416 20.463 0.085 53655.233249 20.265 0.085 53655.234916 19.848 0.205
-5.044503 -0.276307 53664.259041 24.303 3.169 53664.260707 20.738 0.068 53664.257374 20.507 0.069 53664.258207 20.367 0.068 53664.259874 20.472 0.248
-5.044503 -0.276307 53666.222644 21.744 0.204 53666.22431 20.64 0.035 53666.220977 20.356 0.031 53666.22181 20.26 0.037 53666.223477 20.264 0.135
-5.044503 -0.276307 53669.218283 20.922 0.081 53669.219949 19.857 0.015 53669.216616 19.767 0.019 53669.217449 19.874 0.028 53669.219116 19.867 0.098
-5.044503 -0.276307 53671.303059 20.868 0.146 53671.304725 19.616 0.017 53671.301392 19.636 0.022 53671.302225 19.733 0.032 53671.303892 19.747 0.105
-5.044503 -0.276307 53674.202517 22.172 0.297 53674.204183 20.768 0.036 53674.20085 20.356 0.03 53674.201683 20.277 0.04 53674.20335 20.414 0.178
-5.044503 -0.276307 53676.292002 21.957 0.296 53676.293668 20.602 0.029 53676.290335 20.282 0.035 53676.291168 20.259 0.041 53676.292835 20.17 0.13
-5.044503 -0.276307 53679.26389 20.607 0.103 53679.265556 19.533 0.015 53679.262223 19.574 0.022 53679.263056 19.619 0.03 53679.264723 19.648 0.109
-5.044503 -0.276307 53681.255403 22.025 0.235 53681.257069 20.717 0.029 53681.253736 20.427 0.03 53681.254569 20.402 0.038 53681.256236 20.358 0.132
-5.044503 -0.276307 53685.214454 20.961 0.42 53685.21612 20.564 0.192 53685.212787 19.986 0.093 53685.21362 20.042 0.098 53685.215287 20.589 0.473
-5.044503 -0.276307 53694.228333 21.728 0.995 53694.229999 19.917 0.08 53694.226666 19.946 0.072 53694.227499 19.975 0.091 53694.229166 20.14 0.342
-5.044503 -0.276307 53697.212425 25.065 0.796 53697.214091 20.821 0.058 53697.210758 20.502 0.076 53697.211591 20.549 0.088 53697.213258 20.158 0.2
-5.044503 -0.276307 53700.211385 21.843 0.243 53700.213051 20.653 0.032 53700.209718 20.386 0.035 53700.210551 20.252 0.044 53700.212218 20.138 0.175
-5.044503 -0.276307 53705.198055 21.875 0.22 53705.199721 20.931 0.037 53705.196388 20.549 0.036 53705.197221 20.491 0.043 53705.198888 20.351 0.129
-5.044503 -0.276307 53975.283063 21.812 0.217 53975.28473 20.639 0.038 53975.281397 20.339 0.035 53975.28223 20.223 0.038 53975.283897 19.85 0.118
-5.044503 -0.276307 53993.350864 -99.99 0.633 53993.352531 -99.99 0.2 53993.349197 20.297 0.092 53993.350031 20.276 0.05 53993.351697 20.223 0.156
-5.044503 -0.276307 53994.306052 21.449 0.132 53994.307719 20.268 0.024 53994.304386 20.113 0.025 53994.305219 20.118 0.037 53994.306886 19.969 0.089
-5.044503 -0.276307 53996.28981 20.775 0.094 53996.291477 19.449 0.028 53996.288144 19.546 0.022 53996.288977 19.71 0.034 53996.290644 19.848 0.139
-5.044503 -0.276307 53998.258411 21.766 0.151 53998.260077 20.764 0.027 53998.256744 20.483 0.028 53998.257577 20.353 0.033 53998.259244 20.171 0.093
-5.044503 -0.276307 54005.28868 21.397 0.105 54005.290347 20.223 0.021 54005.287014 20.257 0.024 54005.287847 20.15 0.028 54005.289514 20.18 0.093
-5.044503 -0.276307 54010.243893 21.196 0.126 54010.24556 20.331 0.028 54010.242227 20.112 0.025 54010.24306 20.107 0.033 54010.244727 20.264 0.094
-5.044503 -0.276307 54012.23674 20.693 0.151 54012.238406 19.539 0.027 54012.235073 19.608 0.027 54012.235906 19.709 0.031 54012.237573 19.776 0.082
-5.044503 -0.276307 54020.242721 20.915 0.129 54020.244388 19.804 0.024 54020.241055 19.784 0.025 54020.241888 19.835 0.033 54020.243555 19.732 0.101
-5.044503 -0.276307 54022.292002 -99.99 0.197 54022.293668 -99.99 0.452 54022.290335 19.994 0.052 54022.291168 20.064 0.061 54022.292835 19.681 0.456
-5.044503 -0.276307 54024.324383 21.146 0.166 54024.326049 20.681 0.036 54024.322716 20.413 0.048 54024.323549 20.368 0.062 54024.325216 20.766 0.283
-5.044503 -0.276307 54028.233085 21.222 0.121 54028.234751 19.984 0.026 54028.231418 19.884 0.025 54028.232251 19.968 0.03 54028.233918 19.984 0.104
-5.044503 -0.276307 54030.23628 21.864 0.158 54030.237947 20.658 0.027 54030.234614 20.517 0.028 54030.235447 20.433 0.032 54030.237114 20.236 0.095
-5.044503 -0.276307 54035.312047 21.31 0.195 54035.313713 20.726 0.038 54035.31038 20.391 0.04 54035.311213 20.296 0.052 54035.31288 19.958 0.147
-5.044503 -0.276307 54037.217517 -99.99 0.093 54037.219184 19.679 0.025 54037.21585 19.679 0.026 54037.216684 19.776 0.03 54037.21835 19.948 0.118
-5.044503 -0.276307 54040.232012 21.132 0.224 54040.233679 20.678 0.071 54040.230346 20.416 0.058 54040.231179 20.355 0.059 54040.232846 20.543 0.191
-5.044503 -0.276307 54049.25847 23.896 3.16 54049.260137 20.845 0.073 54049.256804 20.506 0.053 54049.257637 20.275 0.053 54049.259304 20.489 0.215
-5.044503 -0.276307 54050.216766 21.595 0.323 54050.218432 -99.99 0.078 54050.215099 20.554 0.091 54050.215932 20.534 0.115 54050.217599 20.117 0.233
-5.044503 -0.276307 54053.222827 21.077 0.1 54053.224494 -99.99 0.028 54053.221161 19.99 0.024 54053.221994 20.046 0.03 54053.223661 19.997 0.104
-5.044503 -0.276307 54056.224454 21.975 0.315 54056.226121 -99.99 0.041 54056.222788 20.486 0.052 54056.223621 -99.99 0.061 54056.225288 20.519 0.232
-5.044503 -0.276307 54059.218749 21.87 0.278 54059.220415 20.725 0.036 54059.217082 20.351 0.034 54059.217915 20.211 0.042 54059.219582 20.145 0.161
-5.044503 -0.276307 54062.223643 20.902 0.132 54062.22531 20.017 0.034 54062.221977 19.863 0.029 54062.22281 19.912 0.044 54062.224477 19.789 0.152
-5.044503 -0.276307 54357.261938 21.718 0.198 54357.263605 20.768 0.03 54357.260272 20.424 0.039 54357.261105 20.391 0.043 54357.262772 20.335 0.176
-5.044503 -0.276307 54362.311779 -99.99 0.243 54362.313446 -99.99 0.037 54362.310112 -99.99 0.051 54362.310946 -99.99 0.082 54362.312612 -99.99 0.412
-5.044503 -0.276307 54385.309772 21.988 0.225 54385.311438 20.74 0.034 54385.308105 20.444 0.029 54385.308938 20.32 0.037 54385.310605 20.089 0.107
-5.044503 -0.276307 54387.310256 22.01 0.285 54387.311923 20.377 0.026 54387.308589 20.175 0.029 54387.309423 20.096 0.039 54387.311089 20.213 0.158
-5.044503 -0.276307 54392.304999 21.633 0.18 54392.306666 20.65 0.031 54392.303332 20.431 0.035 54392.304166 20.371 0.039 54392.305832 20.168 0.132
-5.044503 -0.276307 54402.303424 21.652 0.527 54402.305091 20.681 0.075 54402.301757 20.394 0.052 54402.302591 20.359 0.053 54402.304257 20.24 0.154
