-49.243763 0.334344 52075.324565 18.356 0.019 52075.326231 17.184 0.005 52075.322898 16.856 0.005 52075.323731 16.732 0.005 52075.325398 16.679 0.011
-49.243763 0.334344 52197.133211 18.26 0.016 52197.134877 17.045 0.005 52197.131544 16.742 0.005 52197.132377 16.633 0.005 52197.134044 16.586 0.01
-49.243763 0.334344 52557.17106 18.228 0.016 52557.172726 17.01 0.004 52557.169393 16.715 0.004 52557.170226 16.583 0.005 52557.171893 16.549 0.01
-49.243763 0.334344 52929.097362 17.835 0.013 52929.099028 16.553 0.004 52929.095695 16.38 0.004 52929.096528 16.315 0.005 52929.098195 16.267 0.009
-49.243763 0.334344 52934.077519 18.094 0.015 52934.079185 16.907 0.004 52934.075852 16.609 0.005 52934.076685 16.488 0.005 52934.078352 16.412 0.009
-49.243763 0.334344 52936.073444 18.17 0.015 52936.07511 17.009 0.005 52936.071777 16.708 0.005 52936.07261 16.587 0.005 52936.074277 16.525 0.01
-49.243763 0.334344 53243.258656 18.072 0.021 53243.260322 16.92 0.005 53243.256989 16.62 0.004 53243.257822 16.496 0.005 53243.259489 16.443 0.01
-49.243763 0.334344 53270.137504 18.367 0.023 53270.139171 17.128 0.009 53270.135837 16.791 0.006 53270.136671 16.66 0.01 53270.138337 16.641 0.016
-49.243763 0.334344 53272.187455 17.656 0.016 53272.189121 16.402 0.004 53272.185788 16.263 0.004 53272.186621 16.237 0.004 53272.188288 16.232 0.009
-49.243763 0.334344 53288.114662 18.133 0.016 53288.116328 16.92 0.004 53288.112995 16.612 0.004 53288.113828 16.484 0.004 53288.115495 16.44 0.01
-49.243763 0.334344 53302.11033 18.199 0.022 53302.111996 17.025 0.005 53302.108663 16.705 0.005 53302.109496 16.574 0.005 53302.111163 16.506 0.01
-49.243763 0.334344 53312.065859 17.268 0.013 53312.067525 16.088 0.006 53312.064192 16.118 0.006 53312.065025 16.13 0.009 53312.066692 16.135 0.016
-49.243763 0.334344 53314.067056 17.898 0.013 53314.068722 16.644 0.004 53314.065389 16.44 0.005 53314.066222 16.367 0.005 53314.067889 16.314 0.009
-49.243763 0.334344 53623.16164 17.67 0.013 53623.163306 16.415 0.004 53623.159973 16.279 0.005 53623.160806 16.222 0.005 53623.162473 16.221 0.009
-49.243763 0.334344 53626.147852 17.524 0.013 53626.149518 16.252 0.004 53626.146185 16.183 0.005 53626.147018 16.188 0.005 53626.148685 16.178 0.009
-49.243763 0.334344 53628.132717 18.069 0.024 53628.134383 16.799 0.005 53628.13105 16.523 0.005 53628.131883 16.422 0.005 53628.13355 16.382 0.01
-49.243763 0.334344 53637.134329 17.758 0.015 53637.135995 16.488 0.004 53637.132662 16.317 0.004 53637.133495 16.27 0.004 53637.135162 16.244 0.009
-49.243763 0.334344 53644.126771 18.247 0.023 53644.128438 17.069 0.012 53644.125104 16.747 0.009 53644.125938 16.61 0.007 53644.127604 16.592 0.016
-49.243763 0.334344 53649.1214 -99.99 0.026 53649.123066 15.909 0.005 53649.119733 -99.99 0.005 53649.120566 16.015 0.006 53649.122233 -99.99 0.028
-49.243763 0.334344 53656.10899 18.24 0.029 53656.110656 17.023 0.005 53656.107323 16.69 0.005 53656.108156 16.545 0.005 53656.109823 16.497 0.012
-49.243763 0.334344 53665.100269 18.06 0.041 53665.101935 16.769 0.006 53665.098602 16.505 0.008 53665.099435 16.409 0.01 53665.101102 16.377 0.024
-49.243763 0.334344 53668.111901 17.917 0.017 53668.113567 16.679 0.004 53668.110234 16.453 0.004 53668.111067 16.366 0.004 53668.112734 16.297 0.012
-49.243763 0.334344 53670.116755 18.145 0.017 53670.118421 16.929 0.004 53670.115088 16.655 0.005 53670.115921 16.53 0.007 53670.117588 16.506 0.012
-49.243763 0.334344 53673.084736 18.117 0.016 53673.086402 16.913 0.004 53673.083069 16.614 0.004 53673.083902 16.499 0.005 53673.085569 16.451 0.01
-49.243763 0.334344 53675.081625 18.238 0.017 53675.083291 17.038 0.004 53675.079958 16.744 0.004 53675.080791 16.632 0.005 53675.082458 16.559 0.01
-49.243763 0.334344 53677.102658 17.62 0.012 53677.104324 16.349 0.004 53677.100991 16.24 0.005 53677.101824 16.226 0.006 53677.103491 16.224 0.008
-49.243763 0.334344 53680.089323 17.431 0.011 53680.090989 16.147 0.004 53680.087656 16.099 0.005 53680.088489 16.135 0.006 53680.090156 16.144 0.008
-49.243763 0.334344 53693.091228 18.198 0.018 53693.092894 17.004 0.005 53693.089561 16.683 0.004 53693.090394 16.55 0.005 53693.092061 16.497 0.01
-49.243763 0.334344 53702.086906 18.053 0.024 53702.088573 16.779 0.007 53702.085239 16.462 0.009 53702.086073 16.361 0.026 53702.087739 -99.99 0.016
-49.243763 0.334344 53703.096052 17.238 0.017 53703.097719 15.962 0.006 53703.094385 15.958 0.005 53703.095219 16.027 0.017 53703.096885 16.037 0.013
-49.243763 0.334344 53704.074557 18.241 0.019 53704.076223 17.033 0.004 53704.07289 16.714 0.004 53704.073723 16.582 0.005 53704.07539 16.539 0.01
-49.243763 0.334344 53974.162498 17.698 0.018 53974.164165 16.44 0.014 53974.160831 16.273 0.009 53974.161665 16.259 0.01 53974.163331 16.222 0.016
-49.243763 0.334344 53989.151932 18.376 0.022 53989.153598 17.213 0.011 53989.150265 16.883 0.015 53989.151098 16.762 0.012 53989.152765 16.723 0.02
-49.243763 0.334344 53995.159851 18.377 0.019 53995.161518 17.133 0.008 53995.158185 16.82 0.006 53995.159018 16.695 0.009 53995.160685 16.661 0.016
-49.243763 0.334344 53997.138231 17.399 0.024 53997.139897 16.117 0.012 53997.136564 -99.99 0.026 53997.137397 16.124 0.009 53997.139064 16.129 0.018
-49.243763 0.334344 54005.110074 17.783 0.022 54005.11174 16.524 0.006 54005.108407 16.352 0.005 54005.10924 16.309 0.003 54005.110907 16.265 0.012
-49.243763 0.334344 54007.122824 18.229 0.02 54007.124491 17.019 0.008 54007.121158 16.685 0.006 54007.121991 16.558 0.01 54007.123658 16.513 0.018
-49.243763 0.334344 54009.11994 18.32 0.023 54009.121607 17.101 0.01 54009.118274 16.801 0.006 54009.119107 16.67 0.015 54009.120774 16.625 0.017
-49.243763 0.334344 54011.184423 17.855 0.021 54011.18609 16.628 0.013 54011.182757 16.392 0.01 54011.18359 16.318 0.013 54011.185257 16.281 0.019
-49.243763 0.334344 54019.134633 18.038 0.022 54019.136299 16.771 0.008 54019.132966 16.492 0.007 54019.133799 16.393 0.009 54019.135466 16.378 0.016
-49.243763 0.334344 54025.18345 17.997 0.02 54025.185116 16.74 0.008 54025.181783 16.467 0.011 54025.182616 16.352 0.013 54025.184283 16.337 0.016
-49.243763 0.334344 54029.113776 18.378 0.021 54029.115443 17.133 0.013 54029.11211 16.833 0.007 54029.112943 16.687 0.005 54029.11461 16.638 0.015
-49.243763 0.334344 54051.090365 17.576 0.034 54051.092032 -99.99 0.024 54051.088698 -99.99 0.022 54051.089532 16.167 0.014 54051.091198 -99.99 0.024
-49.243763 0.334344 54356.191943 17.99 0.021 54356.19361 16.793 0.008 54356.190277 16.496 0.008 54356.19111 16.407 0.006 54356.192777 16.369 0.015
-49.243763 0.334344 54358.137012 18.176 0.024 54358.138679 16.986 0.009 54358.135346 16.666 0.009 54358.136179 16.55 0.008 54358.137846 16.503 0.019
-49.243763 0.334344 54373.169095 18.084 0.021 54373.170762 16.827 0.014 54373.167429 16.519 0.006 54373.168262 16.434 0.01 54373.169929 16.388 0.023
-49.243763 0.334344 54381.181796 18.276 0.024 54381.183463 17.077 0.003 54381.18013 16.726 0.011 54381.180963 16.587 0.01 54381.18263 16.52 0.017
-49.243763 0.334344 54382.179203 17.847 0.022 54382.18087 16.549 0.004 54382.177537 -99.99 0.034 54382.17837 16.282 0.042 54382.180037 16.255 0.019
-49.243763 0.334344 54383.184946 18.37 0.022 54383.186613 17.171 0.01 54383.183279 16.874 0.008 54383.184113 16.739 0.009 54383.185779 16.669 0.016
-49.243763 0.334344 54386.181947 18.368 0.02 54386.183614 17.177 0.01 54386.18028 16.863 0.007 54386.181114 16.722 0.007 54386.18278 16.659 0.017
-49.243763 0.334344 54388.186217 17.592 0.019 54388.187884 16.33 0.007 54388.184551 16.216 0.004 54388.185384 16.209 0.008 54388.187051 16.178 0.011
-49.243763 0.334344 54403.099996 18.211 0.02 54403.101662 17.027 0.01 54403.098329 16.709 0.016 54403.099162 16.584 0.007 54403.100829 16.562 0.017
-49.243763 0.334344 54406.09382 18.281 0.018 54406.095486 17.042 0.008 54406.092153 16.729 0.01 54406.092986 16.609 0.008 54406.094653 16.558 0.017
-49.243763 0.334344 54412.096749 18.268 0.021 54412.098416 17.039 0.007 54412.095083 16.716 0.008 54412.095916 16.577 0.009 54412.097583 16.525 0.015
-49.243763 0.334344 54415.134306 18.275 0.024 54415.135973 17.116 0.008 54415.13264 16.749 0.005 54415.133473 16.616 0.008 54415.13514 16.55 0.017
