53.433032 0.74933 51075.44787 19.645 0.032 51075.449536 18.331 0.007 51075.446203 17.968 0.007 51075.447036 17.831 0.008 51075.448703 17.761 0.021
53.433032 0.74933 51818.417515 19.591 0.033 51818.419181 18.383 0.007 51818.415848 18.019 0.007 51818.416681 17.857 0.008 51818.418348 17.749 0.019
53.433032 0.74933 52171.405619 19.445 0.033 52171.407285 18.267 0.007 52171.403952 17.976 0.007 52171.404785 17.84 0.008 52171.406452 17.771 0.019
53.433032 0.74933 52173.381891 19.7 0.037 52173.383557 18.418 0.008 52173.380224 18.056 0.007 52173.381057 17.901 0.009 52173.382724 17.857 0.022
53.433032 0.74933 52224.362134 19.608 0.031 52224.3638 18.351 0.007 52224.360467 17.994 0.007 52224.3613 17.851 0.008 52224.362967 17.742 0.017
53.433032 0.74933 52234.318529 19.503 0.033 52234.320195 18.299 0.009 52234.316862 18.007 0.009 52234.317695 17.873 0.011 52234.319362 17.795 0.02
53.433032 0.74933 52261.281885 19.579 0.031 52261.283551 18.331 0.007 52261.280218 18.005 0.007 52261.281051 17.875 0.008 52261.282718 17.813 0.016
53.433032 0.74933 52283.149261 19.556 0.035 52283.150927 18.313 0.007 52283.147594 17.98 0.007 52283.148427 17.833 0.008 52283.150094 17.742 0.021
53.433032 0.74933 52287.162383 19.479 0.029 52287.164049 18.215 0.007 52287.160716 17.903 0.006 52287.161549 17.768 0.007 52287.163216 17.709 0.017
53.433032 0.74933 52552.481073 19.519 0.03 52552.482739 18.342 0.007 52552.479406 18.004 0.007 52552.480239 17.872 0.008 52552.481906 17.781 0.018
53.433032 0.74933 52557.455431 19.404 0.027 52557.457097 18.139 0.007 52557.453764 17.863 0.007 52557.454597 17.757 0.008 52557.456264 17.717 0.018
53.433032 0.74933 52585.356761 19.499 0.028 52585.358427 18.284 0.007 52585.355094 17.939 0.007 52585.355927 17.791 0.008 52585.357594 17.706 0.017
53.433032 0.74933 52908.430001 19.549 0.033 52908.431667 18.323 0.007 52908.428334 17.973 0.007 52908.429167 17.824 0.008 52908.430834 17.745 0.018
53.433032 0.74933 52912.40944 19.366 0.031 52912.411106 18.172 0.007 52912.407773 17.87 0.007 52912.408606 17.745 0.008 52912.410273 17.706 0.018
53.433032 0.74933 52934.361908 19.449 0.03 52934.363574 18.217 0.007 52934.360241 17.933 0.007 52934.361074 17.794 0.008 52934.362741 17.773 0.02
53.433032 0.74933 52936.357833 19.579 0.03 52936.359499 18.358 0.007 52936.356166 18.034 0.007 52936.356999 17.884 0.008 52936.358666 17.805 0.02
53.433032 0.74933 53270.421981 19.615 0.028 53270.423648 18.377 0.011 53270.420315 18.044 0.011 53270.421148 17.884 0.012 53270.422815 17.829 0.018
53.433032 0.74933 53272.47183 19.628 0.034 53272.473496 18.367 0.007 53272.470163 18.044 0.007 53272.470996 17.877 0.008 53272.472663 17.814 0.018
53.433032 0.74933 53286.44055 19.448 0.037 53286.442216 18.197 0.01 53286.438883 17.927 0.009 53286.439716 17.796 0.01 53286.441383 17.745 0.023
53.433032 0.74933 53288.399044 19.594 0.032 53288.40071 18.381 0.007 53288.397377 18.061 0.007 53288.39821 17.891 0.008 53288.399877 17.826 0.018
53.433032 0.74933 53294.446716 19.589 0.036 53294.448382 18.362 0.008 53294.445049 18.013 0.007 53294.445882 17.863 0.009 53294.447549 17.782 0.018
53.433032 0.74933 53296.393733 19.445 0.033 53296.3954 18.292 0.016 53296.392066 17.954 0.019 53296.3929 17.786 0.014 53296.394566 17.745 0.022
53.433032 0.74933 53298.443492 19.489 0.03 53298.445158 18.257 0.007 53298.441825 17.918 0.007 53298.442658 17.779 0.008 53298.444325 17.725 0.019
53.433032 0.74933 53312.350282 19.594 0.046 53312.351949 18.311 0.011 53312.348615 17.944 0.015 53312.349449 17.8 0.011 53312.351115 17.717 0.02
53.433032 0.74933 53314.351445 19.511 0.035 53314.353111 18.272 0.007 53314.349778 17.902 0.007 53314.350611 17.78 0.008 53314.352278 17.724 0.018
53.433032 0.74933 53319.33924 19.633 0.043 53319.340906 18.331 0.008 53319.337573 17.993 0.007 53319.338406 17.818 0.008 53319.340073 17.803 0.023
53.433032 0.74933 53616.455794 19.35 0.03 53616.45746 18.08 0.006 53616.454127 17.83 0.006 53616.45496 17.73 0.008 53616.456627 17.677 0.017
53.433032 0.74933 53628.417087 19.544 0.034 53628.418753 18.285 0.007 53628.41542 17.945 0.007 53628.416253 17.78 0.009 53628.41792 17.701 0.02
53.433032 0.74933 53639.464084 19.513 0.036 53639.46575 18.245 0.007 53639.462417 17.918 0.007 53639.46325 17.77 0.008 53639.464917 17.742 0.017
53.433032 0.74933 53641.463249 19.365 0.034 53641.464915 18.175 0.007 53641.461582 17.873 0.006 53641.462415 17.744 0.008 53641.464082 17.675 0.017
53.433032 0.74933 53657.422134 19.475 0.036 53657.4238 18.273 0.007 53657.420467 17.935 0.007 53657.4213 17.78 0.008 53657.422967 17.653 0.019
53.433032 0.74933 53663.406682 19.484 0.064 53663.408348 18.228 0.011 53663.405015 17.926 0.008 53663.405848 17.811 0.009 53663.407515 17.745 0.019
53.433032 0.74933 53665.384655 19.563 0.055 53665.386321 18.37 0.01 53665.382988 18.038 0.009 53665.383821 17.874 0.01 53665.385488 17.856 0.021
53.433032 0.74933 53666.476761 19.669 0.058 53666.478427 18.293 0.009 53666.475094 17.942 0.008 53666.475927 17.799 0.008 53666.477594 17.747 0.018
53.433032 0.74933 53668.396283 19.439 0.043 53668.397949 18.168 0.008 53668.394616 17.879 0.008 53668.395449 17.709 0.009 53668.397116 17.716 0.02
53.433032 0.74933 53669.483887 19.485 0.055 53669.485553 18.407 0.009 53669.48222 18.047 0.009 53669.483053 17.892 0.01 53669.48472 17.794 0.021
53.433032 0.74933 53670.401135 19.326 0.04 53670.402801 18.152 0.007 53670.399468 17.879 0.007 53670.400301 17.749 0.009 53670.401968 17.682 0.021
53.433032 0.74933 53673.369123 19.507 0.032 53673.370789 18.256 0.007 53673.367456 17.903 0.007 53673.368289 17.775 0.008 53673.369956 17.708 0.016
53.433032 0.74933 53675.366011 19.422 0.03 53675.367677 18.172 0.007 53675.364344 17.864 0.007 53675.365177 17.768 0.008 53675.366844 17.668 0.018
53.433032 0.74933 53676.485651 19.412 0.145 53676.487317 18.325 0.022 53676.483984 18.033 0.015 53676.484817 17.87 0.02 53676.486484 -99.99 0.07
53.433032 0.74933 53680.373708 19.624 0.033 53680.375374 18.359 0.007 53680.372041 18.004 0.007 53680.372874 17.833 0.008 53680.374541 17.786 0.016
53.433032 0.74933 53683.432254 19.461 0.061 53683.43392 18.275 0.011 53683.430587 17.958 0.016 53683.43142 17.778 0.017 53683.433087 17.826 0.038
53.433032 0.74933 53686.373139 19.34 0.042 53686.374805 18.158 0.009 53686.371472 17.864 0.008 53686.372305 17.723 0.009 53686.373972 17.683 0.017
53.433032 0.74933 53693.375597 19.542 0.097 53693.377263 18.247 0.013 53693.37393 17.909 0.009 53693.374763 17.781 0.01 53693.37643 17.707 0.021
53.433032 0.74933 53699.39643 19.409 0.041 53699.398096 18.199 0.008 53699.394763 17.909 0.007 53699.395596 17.777 0.008 53699.397263 17.715 0.017
53.433032 0.74933 53704.358917 19.338 0.034 53704.360583 18.163 0.007 53704.35725 17.859 0.007 53704.358083 17.725 0.008 53704.35975 17.679 0.018
53.433032 0.74933 53989.455076 19.466 0.046 53989.456743 18.27 0.013 53989.45341 17.921 0.012 53989.454243 17.762 0.01 53989.45591 17.707 0.02
53.433032 0.74933 54000.430438 19.472 0.034 54000.432105 18.17 0.024 54000.428772 17.889 0.014 54000.429605 17.789 0.023 54000.431272 -99.99 0.031
53.433032 0.74933 54007.480546 19.564 0.03 54007.482213 18.352 0.021 54007.478879 17.973 0.019 54007.479713 17.801 0.016 54007.481379 17.751 0.02
53.433032 0.74933 54008.441348 19.592 0.032 54008.443015 18.39 0.016 54008.439682 18.035 0.011 54008.440515 17.873 0.012 54008.442182 17.843 0.027
53.433032 0.74933 54009.404322 19.392 0.025 54009.405989 18.188 0.015 54009.402655 17.853 0.015 54009.403489 17.754 0.018 54009.405155 17.694 0.018
53.433032 0.74933 54011.468901 19.415 0.032 54011.470568 18.191 0.015 54011.467235 17.869 0.015 54011.468068 17.758 0.015 54011.469735 17.691 0.02
53.433032 0.74933 54012.481603 19.624 0.032 54012.48327 18.359 0.022 54012.479936 18.004 0.017 54012.48077 17.832 0.015 54012.482436 17.761 0.024
53.433032 0.74933 54019.463869 19.727 0.067 54019.465536 18.415 0.013 54019.462203 18.015 0.013 54019.463036 17.897 0.014 54019.464703 17.789 0.023
53.433032 0.74933 54025.467874 19.533 0.036 54025.46954 18.299 0.015 54025.466207 17.951 0.014 54025.46704 17.786 0.014 54025.468707 17.715 0.02
53.433032 0.74933 54346.461609 19.633 0.059 54346.463276 18.347 0.029 54346.459943 17.979 0.015 54346.460776 17.817 0.013 54346.462443 17.776 0.021
53.433032 0.74933 54348.465568 19.491 0.043 54348.467234 18.301 0.018 54348.463901 17.955 0.015 54348.464734 17.798 0.013 54348.466401 17.699 0.028
53.433032 0.74933 54358.421387 19.582 0.04 54358.423053 18.397 0.012 54358.41972 18.03 0.016 54358.420553 17.873 0.015 54358.42222 17.858 0.023
53.433032 0.74933 54365.454441 19.41 0.025 54365.456108 18.232 0.012 54365.452774 17.927 0.015 54365.453608 17.801 0.012 54365.455274 17.761 0.02
53.433032 0.74933 54381.474007 19.344 0.029 54381.475674 18.12 0.024 54381.47234 17.813 0.017 54381.473174 17.724 0.012 54381.47484 17.653 0.019
53.433032 0.74933 54386.466347 19.472 0.03 54386.468014 18.266 0.012 54386.46468 17.915 0.012 54386.465514 17.784 0.011 54386.46718 17.724 0.016
53.433032 0.74933 54388.470593 19.426 0.032 54388.47226 18.203 0.014 54388.468926 17.865 0.015 54388.46976 17.728 0.017 54388.471426 17.684 0.019
53.433032 0.74933 54392.468168 19.36 0.036 54392.469834 18.153 0.011 54392.466501 17.85 0.019 54392.467334 17.759 0.012 54392.469001 17.684 0.019
53.433032 0.74933 54403.384378 19.502 0.067 54403.386044 18.363 0.016 54403.382711 18.042 0.012 54403.383544 17.848 0.016 54403.385211 17.844 0.033
53.433032 0.74933 54404.441936 19.408 0.064 54404.443603 18.247 0.017 54404.44027 -99.99 0.04 54404.441103 -99.99 0.018 54404.44277 17.732 0.029
53.433032 0.74933 54406.378205 19.314 0.03 54406.379872 18.168 0.015 54406.376538 17.886 0.012 54406.377372 17.754 0.012 54406.379038 17.687 0.015
53.433032 0.74933 54409.383057 19.558 0.03 54409.384724 18.314 0.014 54409.38139 17.946 0.012 54409.382224 17.807 0.017 54409.38389 17.736 0.024
53.433032 0.74933 54412.404021 19.525 0.043 54412.405688 18.391 0.02 54412.402354 18.044 0.014 54412.403188 17.865 0.019 54412.404854 17.814 0.026
