-13.384764 -0.244275 51467.341673 17.113 0.01 51467.343339 15.828 0.003 51467.340006 15.786 0.003 51467.340839 15.807 0.004 51467.342506 15.798 0.007
-13.384764 -0.244275 51819.317647 17.278 0.01 51819.319313 16.036 0.004 51819.31598 15.929 0.005 51819.316813 15.915 0.005 51819.31848 15.912 0.007
-13.384764 -0.244275 52558.282908 17.492 0.011 52558.284574 16.286 0.004 52558.281241 16.113 0.004 52558.282074 16.057 0.004 52558.283741 16.047 0.007
-13.384764 -0.244275 52577.170405 17.29 0.009 52577.172071 16.045 0.003 52577.168738 15.932 0.003 52577.169571 15.916 0.004 52577.171238 15.913 0.007
-13.384764 -0.244275 52586.173883 17.085 0.008 52586.175549 15.831 0.003 52586.172216 15.815 0.004 52586.173049 15.827 0.004 52586.174716 15.864 0.007
-13.384764 -0.244275 52910.254367 17.507 0.01 52910.256033 16.301 0.004 52910.2527 16.147 0.005 52910.253533 15.98 0.005 52910.2552 16.076 0.008
-13.384764 -0.244275 52931.184567 17.362 0.009 52931.186233 16.111 0.004 52931.1829 15.984 0.005 52931.183733 15.938 0.005 52931.1854 15.939 0.007
-13.384764 -0.244275 52935.181531 17.473 0.01 52935.183197 16.251 0.004 52935.179864 16.116 0.004 52935.180697 16.081 0.005 52935.182364 16.087 0.008
-13.384764 -0.244275 52959.124858 17.098 0.009 52959.126524 15.831 0.004 52959.123191 15.816 0.004 52959.124024 15.837 0.005 52959.125691 15.841 0.007
-13.384764 -0.244275 52963.104602 17.287 0.009 52963.106268 16.051 0.004 52963.102935 15.945 0.005 52963.103768 16.047 0.005 52963.105435 15.911 0.007
-13.384764 -0.244275 53313.174731 17.086 0.009 53313.176397 15.815 0.003 53313.173064 15.8 0.003 53313.173897 15.833 0.004 53313.175564 15.882 0.007
-13.384764 -0.244275 53352.075668 17.253 0.009 53352.077334 16.013 0.004 53352.074001 15.954 0.004 53352.074834 15.891 0.005 53352.076501 15.942 0.007
-13.384764 -0.244275 53622.283974 17.037 0.009 53622.28564 15.813 0.003 53622.282307 15.803 0.003 53622.28314 15.812 0.004 53622.284807 15.815 0.007
-13.384764 -0.244275 53634.233444 -99.99 0.015 53634.23511 -99.99 0.003 53634.231777 15.784 0.003 53634.23261 -99.99 0.004 53634.234277 -99.99 0.007
-13.384764 -0.244275 53636.238978 17.447 0.013 53636.240644 16.15 0.004 53636.237311 16.085 0.004 53636.238144 16.046 0.005 53636.239811 16.032 0.009
-13.384764 -0.244275 53638.274778 17.516 0.014 53638.276444 16.334 0.008 53638.273111 16.145 0.009 53638.273944 16.104 0.01 53638.275611 16.066 0.013
-13.384764 -0.244275 53640.238813 17.091 0.014 53640.240479 -99.99 0.003 53640.237146 -99.99 0.01 53640.237979 -99.99 0.004 53640.239646 -99.99 0.013
-13.384764 -0.244275 53655.210983 17.175 0.014 53655.212649 16.014 0.003 53655.209316 15.919 0.003 53655.210149 15.931 0.004 53655.211816 16.005 0.008
-13.384764 -0.244275 53664.235941 17.53 0.015 53664.237607 16.326 0.004 53664.234274 16.154 0.004 53664.235107 16.081 0.004 53664.236774 16.079 0.008
-13.384764 -0.244275 53666.199544 17.155 0.009 53666.20121 15.875 0.004 53666.197877 15.82 0.005 53666.19871 15.838 0.005 53666.200377 15.846 0.007
-13.384764 -0.244275 53669.195182 17.504 0.011 53669.196848 16.293 0.004 53669.193515 16.144 0.004 53669.194348 16.086 0.004 53669.196015 16.063 0.008
-13.384764 -0.244275 53671.279964 17.489 0.014 53671.28163 16.34 0.004 53671.278297 16.165 0.004 53671.27913 16.102 0.004 53671.280797 16.072 0.008
-13.384764 -0.244275 53674.179416 -99.99 0.01 53674.181082 15.91 0.003 53674.177749 15.836 0.003 53674.178582 15.886 0.003 53674.180249 15.883 0.007
-13.384764 -0.244275 53676.268906 17.194 0.01 53676.270572 15.973 0.004 53676.267239 15.918 0.004 53676.268072 15.898 0.004 53676.269739 15.914 0.007
-13.384764 -0.244275 53679.240793 17.341 0.011 53679.242459 16.109 0.003 53679.239126 15.975 0.004 53679.239959 15.957 0.004 53679.241626 15.948 0.007
-13.384764 -0.244275 53681.232304 17.098 0.01 53681.23397 15.845 0.004 53681.230637 15.802 0.004 53681.23147 15.829 0.005 53681.233137 15.831 0.007
-13.384764 -0.244275 53685.191353 17.394 0.018 53685.193019 16.053 0.004 53685.189686 15.912 0.004 53685.190519 15.956 0.005 53685.192186 15.924 0.009
-13.384764 -0.244275 53687.229694 17.092 0.015 53687.23136 15.838 0.004 53687.228027 15.794 0.004 53687.22886 15.8 0.004 53687.230527 15.82 0.007
-13.384764 -0.244275 53697.189327 17.474 0.017 53697.190993 16.288 0.004 53697.18766 16.113 0.005 53697.188493 16.073 0.005 53697.19016 16.081 0.01
-13.384764 -0.244275 53700.188288 17.016 0.009 53700.189954 15.815 0.003 53700.186621 15.775 0.003 53700.187454 15.8 0.004 53700.189121 15.814 0.007
-13.384764 -0.244275 53705.174956 17.142 0.01 53705.176622 15.968 0.003 53705.173289 15.881 0.004 53705.174122 15.871 0.004 53705.175789 15.871 0.007
-13.384764 -0.244275 53975.259965 17.078 0.019 53975.261632 15.807 0.02 53975.258299 15.799 0.016 53975.259132 15.795 0.015 53975.260799 15.811 0.029
-13.384764 -0.244275 53993.327767 17.513 0.015 53993.329434 16.314 0.018 53993.3261 16.127 0.013 53993.326934 16.037 0.016 53993.3286 16.077 0.016
-13.384764 -0.244275 53996.266698 17.151 0.01 53996.268365 15.908 0.055 53996.265031 15.849 0.016 53996.265865 15.865 0.012 53996.267531 15.909 0.016
-13.384764 -0.244275 53998.235378 17.522 0.021 53998.237045 16.316 0.014 53998.233711 16.142 0.015 53998.234545 16.063 0.016 53998.236211 16.05 0.02
-13.384764 -0.244275 54005.265566 17.514 0.013 54005.267233 16.357 0.02 54005.2639 16.134 0.012 54005.264733 16.062 0.017 54005.2664 16.065 0.013
-13.384764 -0.244275 54010.220862 17.599 0.017 54010.222529 16.367 0.016 54010.219196 16.148 0.011 54010.220029 16.083 0.014 54010.221696 16.081 0.02
-13.384764 -0.244275 54012.213813 17.363 0.012 54012.21548 16.175 0.015 54012.212147 15.997 0.012 54012.21298 15.962 0.028 54012.214647 15.969 0.022
-13.384764 -0.244275 54020.2197 17.157 0.017 54020.221367 15.899 0.015 54020.218033 15.813 0.01 54020.218867 15.847 0.014 54020.220533 15.824 0.016
-13.384764 -0.244275 54022.268891 17.128 0.013 54022.270558 15.882 0.014 54022.267225 -99.99 0.013 54022.268058 -99.99 0.019 54022.269725 15.829 0.013
-13.384764 -0.244275 54028.210006 17.104 0.016 54028.211673 15.852 0.001 54028.208339 15.832 0.017 54028.209173 15.86 0.012 54028.210839 15.844 0.022
-13.384764 -0.244275 54030.213169 17.525 0.013 54030.214836 16.35 0.019 54030.211503 16.161 0.011 54030.212336 16.08 0.019 54030.214003 16.091 0.013
-13.384764 -0.244275 54035.288941 -99.99 0.016 54035.290608 15.85 0.011 54035.287274 15.769 0.016 54035.288108 15.794 0.025 54035.289774 15.819 0.013
-13.384764 -0.244275 54037.194571 17.52 0.017 54037.196238 16.354 0.017 54037.192904 16.151 0.011 54037.193738 16.085 0.015 54037.195404 16.069 0.019
-13.384764 -0.244275 54040.20891 17.107 0.013 54040.210576 15.88 0.021 54040.207243 15.802 0.008 54040.208076 15.791 0.012 54040.209743 15.835 0.014
-13.384764 -0.244275 54049.235418 17.186 0.022 54049.237085 15.954 0.014 54049.233751 15.882 0.015 54049.234585 15.893 0.016 54049.236251 15.926 0.018
-13.384764 -0.244275 54050.193579 -99.99 0.038 54050.195245 16.365 0.017 54050.191912 16.186 0.027 54050.192745 -99.99 0.043 54050.194412 16.063 0.017
-13.384764 -0.244275 54053.199681 17.139 0.017 54053.201347 15.867 0.013 54053.198014 15.798 0.019 54053.198847 15.791 0.02 54053.200514 15.838 0.013
-13.384764 -0.244275 54056.201424 17.57 0.056 54056.203091 16.254 0.021 54056.199757 16.107 0.016 54056.200591 16.075 0.025 54056.202257 16.068 0.047
-13.384764 -0.244275 54059.195731 17.23 0.022 54059.197398 16.02 0.021 54059.194064 15.911 0.013 54059.194898 15.882 0.014 54059.196564 15.887 0.014
-13.384764 -0.244275 54062.2006 -99.99 0.065 54062.202266 15.99 0.025 54062.198933 15.932 0.015 54062.199766 15.931 0.006 54062.201433 15.901 0.022
-13.384764 -0.244275 54357.23884 17.461 0.024 54357.240506 16.244 0.021 54357.237173 16.082 0.013 54357.238006 16.019 0.021 54357.239673 16.031 0.02
-13.384764 -0.244275 54362.288649 17.083 0.017 54362.290316 15.841 0.023 54362.286983 15.784 0.017 54362.287816 15.815 0.018 54362.289483 15.871 0.014
-13.384764 -0.244275 54376.297371 17.107 0.014 54376.299037 15.819 0.014 54376.295704 15.76 0.015 54376.296537 15.819 0.017 54376.298204 15.801 0.016
-13.384764 -0.244275 54385.286663 17.545 0.05 54385.288329 16.337 0.023 54385.284996 16.149 0.013 54385.285829 16.084 0.021 54385.287496 16.083 0.014
-13.384764 -0.244275 54387.287193 -99.99 0.013 54387.28886 16.175 0.014 54387.285526 16.02 0.013 54387.28636 15.995 0.013 54387.288026 15.974 0.014
-13.384764 -0.244275 54392.281897 17.592 0.014 54392.283563 16.348 0.017 54392.28023 16.165 0.012 54392.281063 16.108 0.014 54392.28273 16.071 0.015
-13.384764 -0.244275 54402.280378 17.047 0.024 54402.282044 15.871 0.016 54402.278711 15.809 0.017 54402.279544 15.822 0.012 54402.281211 15.825 0.02
