2.426843 -0.562932 51075.306578 16.646 0.006 51075.308244 15.329 0.003 51075.304911 15.105 0.003 51075.305744 15.023 0.003 51075.307411 14.996 0.005
2.426843 -0.562932 52196.307101 16.919 0.01 52196.308767 15.651 0.006 52196.305434 15.368 0.007 52196.306267 15.236 0.008 52196.307934 15.227 0.009
2.426843 -0.562932 52197.320208 16.958 0.008 52197.321874 15.693 0.004 52197.318541 15.356 0.004 52197.319374 15.216 0.005 52197.321041 15.178 0.005
2.426843 -0.562932 52225.170384 16.385 0.006 52225.17205 15.049 0.003 52225.168717 14.929 0.004 52225.16955 14.896 0.004 52225.171217 14.905 0.005
2.426843 -0.562932 52231.206169 16.977 0.009 52231.207835 15.71 0.004 52231.204502 15.392 0.004 52231.205335 15.252 0.005 52231.207002 15.21 0.006
2.426843 -0.562932 52253.19234 16.129 0.006 52253.194006 14.749 0.002 52253.190673 14.723 0.003 52253.191506 14.769 0.003 52253.193173 14.789 0.004
2.426843 -0.562932 52557.314171 17.035 0.009 52557.315837 15.756 0.003 52557.312504 15.466 0.004 52557.313337 15.335 0.004 52557.315004 15.301 0.005
2.426843 -0.562932 52578.210255 16.702 0.007 52578.211921 15.382 0.003 52578.208588 15.14 0.004 52578.209421 15.041 0.004 52578.211088 15.011 0.005
2.426843 -0.562932 52908.288736 16.831 0.008 52908.290402 15.526 0.003 52908.287069 15.232 0.003 52908.287902 15.111 0.003 52908.289569 15.077 0.005
2.426843 -0.562932 52911.302524 16.987 0.009 52911.30419 15.7 0.003 52911.300857 15.393 0.003 52911.30169 15.257 0.003 52911.303357 15.223 0.005
2.426843 -0.562932 52930.179896 16.992 0.009 52930.181562 15.701 0.003 52930.178229 15.381 0.003 52930.179062 15.243 0.003 52930.180729 15.188 0.005
2.426843 -0.562932 52934.220637 17 0.009 52934.222303 15.703 0.003 52934.21897 15.391 0.003 52934.219803 15.259 0.003 52934.22147 15.213 0.005
2.426843 -0.562932 52936.216564 16.393 0.006 52936.21823 15.043 0.003 52936.214897 14.928 0.004 52936.21573 14.899 0.004 52936.217397 14.897 0.005
2.426843 -0.562932 52962.142086 16.816 0.008 52962.143752 15.5 0.003 52962.140419 15.216 0.003 52962.141252 15.104 0.003 52962.142919 15.074 0.005
2.426843 -0.562932 53270.28064 16.496 0.011 53270.282306 15.188 0.016 53270.278973 15.036 0.011 53270.279806 14.934 0.012 53270.281473 14.945 0.012
2.426843 -0.562932 53272.330568 16.917 0.008 53272.332234 15.653 0.004 53272.328901 15.365 0.004 53272.329734 15.249 0.005 53272.331401 15.222 0.005
2.426843 -0.562932 53286.299286 16.416 0.007 53286.300952 15.064 0.003 53286.297619 14.929 0.003 53286.298452 14.911 0.004 53286.300119 14.903 0.005
2.426843 -0.562932 53288.257777 16.975 0.009 53288.259443 15.699 0.003 53288.25611 15.368 0.004 53288.256943 15.229 0.004 53288.25861 15.177 0.005
2.426843 -0.562932 53294.305452 16.307 0.006 53294.307118 14.985 0.003 53294.303785 14.876 0.003 53294.304618 14.875 0.003 53294.306285 14.888 0.004
2.426843 -0.562932 53302.253446 16.243 0.007 53302.255112 14.911 0.004 53302.251779 14.839 0.004 53302.252612 14.889 0.004 53302.254279 14.909 0.005
2.426843 -0.562932 53312.208993 16.761 0.022 53312.21066 15.487 0.011 53312.207326 15.218 0.011 53312.20816 15.089 0.027 53312.209826 15.049 0.019
2.426843 -0.562932 53314.210174 17.031 0.009 53314.21184 15.769 0.003 53314.208507 15.491 0.004 53314.20934 15.354 0.004 53314.211007 15.338 0.005
2.426843 -0.562932 53616.314537 16.335 0.013 53616.316203 14.988 0.004 53616.31287 -99.99 0.004 53616.313703 -99.99 0.004 53616.31537 -99.99 0.012
2.426843 -0.562932 53623.304749 16.729 0.01 53623.306415 15.422 0.004 53623.303082 15.148 0.004 53623.303915 -99.99 0.004 53623.305582 15.041 0.006
2.426843 -0.562932 53626.290961 16.967 0.009 53626.292627 15.681 0.003 53626.289294 15.33 0.004 53626.290127 15.212 0.004 53626.291794 15.17 0.005
2.426843 -0.562932 53628.275826 16.143 0.009 53628.277492 14.788 0.006 53628.274159 14.819 0.007 53628.274992 14.817 0.007 53628.276659 14.848 0.009
2.426843 -0.562932 53637.277443 16.945 0.01 53637.279109 15.699 0.003 53637.275776 15.389 0.003 53637.276609 15.255 0.003 53637.278276 15.188 0.005
2.426843 -0.562932 53639.322821 16.614 0.007 53639.324487 15.333 0.003 53639.321154 15.115 0.004 53639.321987 15.017 0.004 53639.323654 15.006 0.005
2.426843 -0.562932 53644.269905 16.954 0.013 53644.271572 15.709 0.014 53644.268239 15.494 0.017 53644.269072 15.338 0.017 53644.270739 15.32 0.022
2.426843 -0.562932 53654.304512 16.855 0.008 53654.306178 15.57 0.004 53654.302845 15.267 0.004 53654.303678 15.132 0.004 53654.305345 15.091 0.005
2.426843 -0.562932 53663.265416 16.186 0.007 53663.267082 14.841 0.004 53663.263749 14.795 0.005 53663.264582 14.806 0.005 53663.266249 14.832 0.005
2.426843 -0.562932 53665.243386 -99.99 0.094 53665.245052 15.699 0.01 53665.241719 -99.99 0.047 53665.242552 -99.99 0.04 53665.244219 15.133 0.026
2.426843 -0.562932 53666.335519 16.835 0.01 53666.337185 15.571 0.003 53666.333852 15.252 0.004 53666.334685 15.133 0.004 53666.336352 15.086 0.005
2.426843 -0.562932 53668.255016 16.911 0.009 53668.256682 15.639 0.003 53668.253349 15.367 0.003 53668.254182 15.247 0.003 53668.255849 15.213 0.005
2.426843 -0.562932 53670.259869 16.615 0.007 53670.261535 15.331 0.003 53670.258202 15.1 0.004 53670.259035 15.013 0.004 53670.260702 14.996 0.005
2.426843 -0.562932 53673.227853 16.879 0.008 53673.229519 15.599 0.003 53673.226186 15.287 0.004 53673.227019 15.158 0.004 53673.228686 15.121 0.005
2.426843 -0.562932 53675.224741 16.632 0.007 53675.226407 15.431 0.003 53675.223074 15.285 0.003 53675.223907 15.184 0.004 53675.225574 15.144 0.005
2.426843 -0.562932 53677.245773 16.885 0.008 53677.247439 15.62 0.004 53677.244106 15.304 0.004 53677.244939 15.168 0.005 53677.246606 15.133 0.005
2.426843 -0.562932 53680.232438 16.975 0.009 53680.234104 15.706 0.004 53680.230771 15.396 0.004 53680.231604 15.257 0.004 53680.233271 15.221 0.005
2.426843 -0.562932 53693.234336 16.759 0.01 53693.236002 15.501 0.004 53693.232669 15.204 0.004 53693.233502 15.085 0.004 53693.235169 15.066 0.005
2.426843 -0.562932 53698.231727 16.245 0.007 53698.233393 -99.99 0.003 53698.23006 14.829 0.003 53698.230893 -99.99 0.004 53698.23256 14.85 0.004
2.426843 -0.562932 53704.21766 16.967 0.009 53704.219326 15.687 0.003 53704.215993 15.356 0.003 53704.216826 15.214 0.003 53704.218493 15.17 0.005
2.426843 -0.562932 53974.310331 16.684 0.009 53974.311998 15.489 0.017 53974.308665 15.313 0.015 53974.309498 15.195 0.011 53974.311165 15.17 0.013
2.426843 -0.562932 53989.313729 16.313 0.019 53989.315396 15.026 0.012 53989.312062 14.892 0.011 53989.312896 14.881 0.015 53989.314562 14.9 0.017
2.426843 -0.562932 53997.409377 16.619 0.009 53997.411044 15.311 0.017 53997.40771 15.074 0.014 53997.408544 14.992 0.02 53997.41021 14.956 0.02
2.426843 -0.562932 54000.289129 16.629 0.014 54000.290795 15.353 0.012 54000.287462 15.112 0.012 54000.288295 15.026 0.015 54000.289962 15.004 0.015
2.426843 -0.562932 54006.235896 17.002 0.014 54006.237563 -99.99 0.046 54006.23423 15.448 0.031 54006.235063 15.305 0.02 54006.23673 15.201 0.016
2.426843 -0.562932 54007.339302 16.976 0.011 54007.340968 15.739 0.018 54007.337635 15.386 0.014 54007.338468 15.221 0.017 54007.340135 15.192 0.01
2.426843 -0.562932 54009.263049 16.619 0.017 54009.264716 15.39 0.016 54009.261383 15.248 0.017 54009.262216 15.146 0.018 54009.263883 15.149 0.013
2.426843 -0.562932 54011.327564 16.957 0.024 54011.329231 15.713 0.01 54011.325898 15.367 0.014 54011.326731 15.219 0.019 54011.328398 15.162 0.013
2.426843 -0.562932 54019.277756 16.826 0.013 54019.279422 15.565 0.013 54019.276089 15.249 0.009 54019.276922 15.133 0.014 54019.278589 15.105 0.01
2.426843 -0.562932 54025.326568 16.332 0.016 54025.328235 15.051 0.016 54025.324901 14.968 0.013 54025.325735 14.958 0.01 54025.327401 14.958 0.01
2.426843 -0.562932 54029.256905 16.975 0.024 54029.258572 15.775 0.029 54029.255238 15.459 0.017 54029.256072 15.317 0.021 54029.257738 15.279 0.043
2.426843 -0.562932 54348.324318 16.988 0.014 54348.325985 15.733 0.021 54348.322651 15.404 0.013 54348.323485 15.217 0.028 54348.325151 15.204 0.017
2.426843 -0.562932 54358.280163 16.257 0.016 54358.281829 14.903 0.018 54358.278496 14.836 0.018 54358.279329 14.856 0.015 54358.280996 14.872 0.017
2.426843 -0.562932 54359.274163 16.936 0.023 54359.27583 -99.99 0.022 54359.272496 15.41 0.011 54359.27333 15.3 0.016 54359.274996 15.273 0.013
2.426843 -0.562932 54365.313206 16.74 0.013 54365.314873 15.482 0.016 54365.31154 15.189 0.009 54365.312373 15.1 0.018 54365.31404 15.068 0.019
2.426843 -0.562932 54381.332746 16.682 0.014 54381.334412 15.41 0.022 54381.331079 15.146 0.018 54381.331912 15.049 0.013 54381.333579 15.036 0.008
2.426843 -0.562932 54386.32507 16.088 0.016 54386.326737 14.765 0.014 54386.323403 14.735 0.013 54386.324237 14.766 0.014 54386.325903 14.806 0.016
2.426843 -0.562932 54388.329353 16.968 0.011 54388.33102 15.704 0.014 54388.327687 15.352 0.016 54388.32852 15.208 0.012 54388.330187 15.169 0.014
2.426843 -0.562932 54403.243159 16.982 0.015 54403.244826 15.719 0.014 54403.241493 15.366 0.011 54403.242326 15.228 0.011 54403.243993 15.181 0.014
2.426843 -0.562932 54404.300683 16.816 0.009 54404.30235 15.566 0.007 54404.299016 15.232 0.011 54404.29985 15.111 0.009 54404.301516 15.08 0.017
2.426843 -0.562932 54405.298631 16.411 0.01 54405.300298 15.096 0.01 54405.296965 14.926 0.013 54405.297798 14.899 0.014 54405.299465 14.927 0.012
2.426843 -0.562932 54406.236941 16.914 0.013 54406.238607 15.653 0.021 54406.235274 15.416 0.015 54406.236107 15.25 0.012 54406.237774 15.225 0.019
2.426843 -0.562932 54412.239872 16.606 0.016 54412.241538 15.316 0.017 54412.238205 15.08 0.01 54412.239038 15 0.012 54412.240705 14.981 0.015
