55.666629 -0.002756 51075.454053 19.825 0.036 51075.455719 18.567 0.008 51075.452386 18.247 0.008 51075.453219 18.146 0.009 51075.454886 18.067 0.027
55.666629 -0.002756 51818.423687 19.368 0.03 51818.425353 18.167 0.007 51818.42202 17.982 0.007 51818.422853 17.962 0.008 51818.42452 17.929 0.022
55.666629 -0.002756 51875.252718 20.008 0.041 51875.254384 18.728 0.008 51875.251051 18.374 0.008 51875.251884 18.24 0.009 51875.253551 18.212 0.028
55.666629 -0.002756 52171.411828 19.781 0.037 52171.413494 18.531 0.008 52171.410161 18.283 0.008 52171.410994 18.178 0.009 52171.412661 18.104 0.021
55.666629 -0.002756 52171.485139 19.282 0.03 52171.486805 17.986 0.006 52171.483472 17.878 0.007 52171.484305 17.839 0.008 52171.485972 17.874 0.023
55.666629 -0.002756 52173.388128 19.397 0.034 52173.389794 18.088 0.006 52173.386461 17.931 0.007 52173.387294 17.87 0.008 52173.388961 17.881 0.026
55.666629 -0.002756 52224.3682 19.837 0.038 52224.369866 18.519 0.008 52224.366533 18.18 0.008 52224.367366 18.059 0.009 52224.369033 18.053 0.022
55.666629 -0.002756 52225.333562 19.347 0.029 52225.335228 17.997 0.006 52225.331895 17.88 0.007 52225.332728 17.85 0.007 52225.334395 17.839 0.021
55.666629 -0.002756 52234.324716 19.876 0.046 52234.326382 18.583 0.008 52234.323049 18.274 0.008 52234.323882 18.148 0.009 52234.325549 18.06 0.024
55.666629 -0.002756 52261.288071 19.983 0.052 52261.289737 18.641 0.008 52261.286404 18.336 0.008 52261.287237 18.208 0.009 52261.288904 18.136 0.022
55.666629 -0.002756 52283.155447 19.804 0.044 52283.157113 18.572 0.008 52283.15378 18.239 0.008 52283.154613 18.1 0.009 52283.15628 18.052 0.029
55.666629 -0.002756 52287.168569 19.34 0.028 52287.170235 18.058 0.006 52287.166902 17.905 0.006 52287.167735 17.852 0.007 52287.169402 17.762 0.018
55.666629 -0.002756 52288.167989 19.937 0.042 52288.169655 18.656 0.008 52288.166322 18.306 0.008 52288.167155 18.189 0.009 52288.168822 18.109 0.027
55.666629 -0.002756 52551.441271 19.273 0.028 52551.442937 18.009 0.006 52551.439604 17.867 0.006 52551.440437 17.876 0.008 52551.442104 17.857 0.021
55.666629 -0.002756 52557.461618 19.909 0.042 52557.463284 18.622 0.008 52557.459951 18.347 0.008 52557.460784 18.199 0.01 52557.462451 18.116 0.026
55.666629 -0.002756 52558.474143 19.893 0.04 52558.475809 18.606 0.008 52558.472476 18.272 0.008 52558.473309 18.135 0.009 52558.474976 18.035 0.025
55.666629 -0.002756 52578.345755 19.274 0.028 52578.347421 17.986 0.006 52578.344088 17.871 0.007 52578.344921 17.836 0.007 52578.346588 17.828 0.021
55.666629 -0.002756 52585.308736 19.785 0.035 52585.310402 18.512 0.007 52585.307069 18.172 0.008 52585.307902 18.044 0.008 52585.309569 18.002 0.024
55.666629 -0.002756 52585.362948 19.81 0.037 52585.364614 18.553 0.008 52585.361281 18.196 0.008 52585.362114 18.076 0.009 52585.363781 18.01 0.022
55.666629 -0.002756 52908.436186 19.865 0.045 52908.437852 18.579 0.008 52908.434519 18.227 0.008 52908.435352 18.128 0.009 52908.437019 18.009 0.025
55.666629 -0.002756 52910.445609 20.002 0.055 52910.447275 18.684 0.008 52910.443942 18.38 0.008 52910.444775 18.241 0.009 52910.446442 18.2 0.031
55.666629 -0.002756 52912.415626 19.253 0.031 52912.417292 17.987 0.006 52912.413959 17.855 0.006 52912.414792 17.825 0.008 52912.416459 17.766 0.022
55.666629 -0.002756 52934.368094 19.519 0.032 52934.36976 18.321 0.007 52934.366427 18.122 0.007 52934.36726 18.054 0.009 52934.368927 17.967 0.024
55.666629 -0.002756 52935.37278 19.876 0.041 52935.374446 18.626 0.008 52935.371113 18.286 0.008 52935.371946 18.144 0.009 52935.373613 18.101 0.028
55.666629 -0.002756 52936.36402 19.447 0.029 52936.365686 18.2 0.007 52936.362353 17.982 0.007 52936.363186 17.916 0.008 52936.364853 17.816 0.019
55.666629 -0.002756 53270.428065 19.452 0.026 53270.429732 18.249 0.019 53270.426399 18.01 0.018 53270.427232 17.921 0.014 53270.428899 17.858 0.026
55.666629 -0.002756 53272.478015 19.793 0.038 53272.479681 18.575 0.008 53272.476348 18.251 0.008 53272.477181 18.064 0.008 53272.478848 18.053 0.022
55.666629 -0.002756 53286.446736 19.808 0.059 53286.448402 18.482 0.009 53286.445069 18.147 0.009 53286.445902 18.009 0.01 53286.447569 17.906 0.025
55.666629 -0.002756 53288.40523 19.879 0.042 53288.406896 18.607 0.008 53288.403563 18.27 0.008 53288.404396 18.131 0.009 53288.406063 18.035 0.021
55.666629 -0.002756 53294.452901 19.769 0.039 53294.454567 18.534 0.008 53294.451234 18.219 0.008 53294.452067 18.088 0.009 53294.453734 18.008 0.021
55.666629 -0.002756 53296.399915 19.87 0.042 53296.401582 18.616 0.018 53296.398249 18.265 0.016 53296.399082 18.115 0.02 53296.400749 18.067 0.028
55.666629 -0.002756 53298.449677 19.173 0.027 53298.451343 17.983 0.006 53298.44801 17.878 0.007 53298.448843 17.854 0.008 53298.45051 17.792 0.021
55.666629 -0.002756 53312.356476 19.774 0.049 53312.358143 18.627 0.019 53312.354809 18.245 0.011 53312.355643 18.144 0.014 53312.357309 18.117 0.027
55.666629 -0.002756 53314.357631 19.266 0.033 53314.359297 18 0.007 53314.355964 17.905 0.007 53314.356797 17.844 0.008 53314.358464 17.888 0.021
55.666629 -0.002756 53319.345427 19.365 0.039 53319.347093 18.151 0.007 53319.34376 17.973 0.007 53319.344593 17.878 0.009 53319.34626 17.819 0.027
55.666629 -0.002756 53351.218166 19.535 0.041 53351.219832 18.34 0.007 53351.216499 18.094 0.007 53351.217332 17.975 0.008 53351.218999 17.889 0.024
55.666629 -0.002756 53616.46198 19.85 0.045 53616.463646 18.638 0.008 53616.460313 18.318 0.008 53616.461146 18.17 0.009 53616.462813 18.127 0.029
55.666629 -0.002756 53622.475209 19.956 0.044 53622.476875 18.627 0.008 53622.473542 18.29 0.008 53622.474375 18.147 0.008 53622.476042 18.078 0.022
55.666629 -0.002756 53626.438408 19.348 0.031 53626.440074 18.031 0.006 53626.436741 17.915 0.007 53626.437574 17.855 0.008 53626.439241 17.797 0.018
55.666629 -0.002756 53627.432308 19.874 0.047 53627.433974 18.613 0.008 53627.430641 18.283 0.008 53627.431474 18.13 0.009 53627.433141 18.093 0.025
55.666629 -0.002756 53628.423273 19.727 0.047 53628.424939 -99.99 0.009 53628.421606 18.121 0.008 53628.422439 17.989 0.009 53628.424106 17.884 0.029
55.666629 -0.002756 53634.424681 19.283 0.063 53634.426347 18.16 0.01 53634.423014 17.982 0.009 53634.423847 17.878 0.01 53634.425514 17.857 0.022
55.666629 -0.002756 53638.466018 19.807 0.058 53638.467684 18.621 0.009 53638.464351 18.326 0.009 53638.465184 18.176 0.01 53638.466851 18.109 0.029
55.666629 -0.002756 53639.470271 19.664 0.042 53639.471937 18.46 0.008 53639.468604 18.139 0.008 53639.469437 18.033 0.008 53639.471104 17.957 0.02
55.666629 -0.002756 53640.430053 19.407 0.037 53640.431719 18.221 0.007 53640.428386 18.046 0.007 53640.429219 17.986 0.008 53640.430886 17.995 0.025
55.666629 -0.002756 53643.472529 19.426 0.037 53643.474195 18.319 0.007 53643.470862 18.134 0.007 53643.471695 18.04 0.008 53643.473362 18.089 0.03
55.666629 -0.002756 53657.310205 19.832 0.13 53657.311871 -99.99 0.017 53657.308538 -99.99 0.016 53657.309371 18.081 0.016 53657.311038 17.995 0.049
55.666629 -0.002756 53657.428321 19.809 0.046 53657.429987 18.597 0.008 53657.426654 18.28 0.008 53657.427487 18.195 0.01 53657.429154 18.076 0.028
55.666629 -0.002756 53657.474494 19.932 0.064 53657.47616 18.696 0.008 53657.472827 18.387 0.009 53657.47366 18.249 0.01 53657.475327 18.214 0.033
55.666629 -0.002756 53663.412868 19.943 0.101 53663.414534 18.589 0.013 53663.411201 18.244 0.01 53663.412034 18.117 0.01 53663.413701 18.058 0.023
55.666629 -0.002756 53664.427183 19.331 0.091 53664.428849 18.274 0.027 53664.425516 17.986 0.016 53664.426349 17.91 0.017 53664.428016 17.818 0.043
55.666629 -0.002756 53665.390841 19.925 0.087 53665.392507 18.606 0.012 53665.389174 18.29 0.01 53665.390007 18.182 0.01 53665.391674 18.084 0.027
55.666629 -0.002756 53665.491806 19.535 0.07 53665.493472 18.418 0.01 53665.490139 18.22 0.009 53665.490972 18.094 0.01 53665.492639 18.028 0.029
55.666629 -0.002756 53668.40247 19.778 0.058 53668.404136 18.558 0.01 53668.400803 18.284 0.009 53668.401636 18.112 0.01 53668.403303 18.043 0.028
55.666629 -0.002756 53668.480422 19.711 0.103 53668.482088 18.757 0.013 53668.478755 18.404 0.012 53668.479588 18.222 0.013 53668.481255 18.141 0.052
55.666629 -0.002756 53669.38643 19.694 0.053 53669.388096 18.387 0.008 53669.384763 18.092 0.008 53669.385596 17.925 0.009 53669.387263 17.958 0.025
55.666629 -0.002756 53669.490074 19.768 0.065 53669.49174 18.55 0.01 53669.488407 18.189 0.009 53669.48924 18.065 0.009 53669.490907 17.937 0.025
55.666629 -0.002756 53670.407322 19.52 0.049 53670.408988 18.162 0.007 53670.405655 18.004 0.009 53670.406488 17.938 0.01 53670.408155 17.868 0.026
55.666629 -0.002756 53670.486393 19.286 0.065 53670.488059 18.095 0.008 53670.484726 17.913 0.009 53670.485559 17.874 0.011 53670.487226 17.886 0.037
55.666629 -0.002756 53671.471173 19.763 0.059 53671.472839 18.639 0.009 53671.469506 18.312 0.009 53671.470339 18.168 0.009 53671.472006 18.172 0.028
55.666629 -0.002756 53673.375309 19.879 0.044 53673.376975 18.668 0.008 53673.373642 18.342 0.008 53673.374475 18.242 0.009 53673.376142 18.121 0.023
55.666629 -0.002756 53674.370667 19.853 0.064 53674.372333 18.539 0.008 53674.369 18.174 0.008 53674.369833 18.078 0.01 53674.3715 18.082 0.035
55.666629 -0.002756 53675.372197 19.315 0.029 53675.373863 18.028 0.006 53675.37053 17.88 0.007 53675.371363 17.841 0.008 53675.37303 17.813 0.02
55.666629 -0.002756 53676.460116 19.866 0.072 53676.461782 18.742 0.01 53676.458449 18.409 0.012 53676.459282 18.34 0.014 53676.460949 18.231 0.037
55.666629 -0.002756 53676.491837 19.657 0.245 53676.493503 18.67 0.032 53676.49017 18.382 0.06 53676.491003 -99.99 0.041 53676.49267 -99.99 0.169
55.666629 -0.002756 53679.432021 19.862 0.053 53679.433687 18.636 0.008 53679.430354 18.295 0.008 53679.431187 18.175 0.009 53679.432854 18.079 0.029
55.666629 -0.002756 53680.379895 19.562 0.035 53680.381561 18.294 0.007 53680.378228 18.033 0.007 53680.379061 17.972 0.008 53680.380728 17.89 0.019
55.666629 -0.002756 53681.423535 19.364 0.042 53681.425201 18.181 0.007 53681.421868 18.043 0.008 53681.422701 17.997 0.009 53681.424368 17.996 0.028
55.666629 -0.002756 53683.43844 19.629 0.07 53683.440106 18.299 0.01 53683.436773 17.995 0.014 53683.437606 17.974 0.016 53683.439273 17.899 0.042
55.666629 -0.002756 53684.385034 20.01 0.056 53684.3867 18.701 0.009 53684.383367 18.387 0.009 53684.3842 18.253 0.01 53684.385867 18.21 0.033
55.666629 -0.002756 53686.379326 19.249 0.04 53686.380992 18 0.008 53686.377659 17.839 0.007 53686.378492 17.845 0.008 53686.380159 17.812 0.02
55.666629 -0.002756 53687.436705 -99.99 0.158 53687.438371 -99.99 0.037 53687.435038 -99.99 0.029 53687.435871 18.115 0.027 53687.437538 -99.99 0.079
55.666629 -0.002756 53693.381784 19.862 0.118 53693.38345 18.589 0.016 53693.380117 18.217 0.012 53693.38095 18.081 0.011 53693.382617 17.989 0.027
55.666629 -0.002756 53696.389253 19.75 0.06 53696.390919 18.54 0.01 53696.387586 18.217 0.008 53696.388419 18.069 0.009 53696.390086 18.082 0.027
55.666629 -0.002756 53697.380561 19.186 0.038 53697.382227 17.976 0.007 53697.378894 17.861 0.008 53697.379727 17.836 0.008 53697.381394 17.833 0.022
55.666629 -0.002756 53699.402617 19.638 0.047 53699.404283 18.417 0.009 53699.40095 18.119 0.008 53699.401783 18.007 0.008 53699.40345 17.936 0.022
55.666629 -0.002756 53700.379516 19.348 0.036 53700.381182 18.204 0.007 53700.377849 18.041 0.007 53700.378682 17.964 0.008 53700.380349 17.951 0.026
55.666629 -0.002756 53704.365103 19.751 0.059 53704.366769 18.52 0.009 53704.363436 18.194 0.008 53704.364269 -99.99 0.009 53704.365936 17.976 0.034
55.666629 -0.002756 53705.366187 19.32 0.052 53705.367853 18.09 0.007 53705.36452 17.939 0.008 53705.365353 17.868 0.009 53705.36702 17.79 0.033
55.666629 -0.002756 53975.451206 19.842 0.044 53975.452872 18.64 0.023 53975.449539 18.185 0.02 53975.450372 18.136 0.014 53975.452039 18.07 0.031
55.666629 -0.002756 53989.461161 19.643 0.054 53989.462828 -99.99 0.021 53989.459494 18.165 0.014 53989.460328 18.076 0.018 53989.461994 18.005 0.025
55.666629 -0.002756 53994.474203 19.863 0.05 53994.47587 18.68 0.019 53994.472536 18.317 0.014 53994.47337 18.145 0.015 53994.475036 18.073 0.032
55.666629 -0.002756 53996.457916 19.923 0.043 53996.459583 18.691 0.015 53996.45625 18.378 0.016 53996.457083 18.293 0.02 53996.45875 18.179 0.029
55.666629 -0.002756 54005.471167 -99.99 0.039 54005.472833 18.634 0.011 54005.4695 18.286 0.016 54005.470333 18.136 0.018 54005.472 18.08 0.031
55.666629 -0.002756 54008.447529 19.732 0.037 54008.449196 18.551 0.014 54008.445863 18.199 0.017 54008.446696 18.062 0.012 54008.448363 18.044 0.025
55.666629 -0.002756 54009.410513 -99.99 0.025 54009.41218 17.975 0.018 54009.408847 17.818 0.022 54009.40968 17.834 0.014 54009.411347 17.801 0.024
55.666629 -0.002756 54009.484904 19.42 0.029 54009.486571 18.217 0.019 54009.483237 17.978 0.012 54009.484071 17.917 0.01 54009.485737 17.93 0.024
55.666629 -0.002756 54010.412064 19.849 0.037 54010.413731 18.619 0.012 54010.410397 18.326 0.012 54010.411231 18.177 0.014 54010.412897 18.114 0.028
55.666629 -0.002756 54011.474984 19.734 0.033 54011.476651 18.49 0.019 54011.473318 18.169 0.013 54011.474151 18.07 0.023 54011.475818 17.977 0.026
55.666629 -0.002756 54012.404892 19.453 0.035 54012.406558 18.288 0.016 54012.403225 18.118 0.013 54012.404058 18.024 0.016 54012.405725 18.077 0.027
55.666629 -0.002756 54019.470006 19.841 0.06 54019.471672 18.537 0.022 54019.468339 18.194 0.012 54019.469172 18.086 0.015 54019.470839 17.992 0.032
55.666629 -0.002756 54020.44294 19.213 0.042 54020.444607 18.06 0.015 54020.441274 17.876 0.01 54020.442107 17.857 0.018 54020.443774 17.846 0.027
55.666629 -0.002756 54024.492448 19.889 0.062 54024.494114 18.645 0.015 54024.490781 18.258 0.01 54024.491614 18.151 0.012 54024.493281 18.113 0.032
55.666629 -0.002756 54025.473986 19.638 0.039 54025.475653 18.367 0.017 54025.472319 18.076 0.013 54025.473153 17.982 0.013 54025.474819 17.877 0.022
55.666629 -0.002756 54028.480746 19.464 0.04 54028.482413 18.288 0.015 54028.47908 18.055 0.014 54028.479913 17.976 0.016 54028.48158 17.901 0.026
55.666629 -0.002756 54030.436172 19.708 0.034 54030.437839 18.496 0.02 54030.434505 18.219 0.014 54030.435339 18.056 0.017 54030.437005 17.983 0.025
55.666629 -0.002756 54035.480201 19.848 0.065 54035.481867 18.649 0.016 54035.478534 18.296 0.016 54035.479367 18.146 0.016 54035.481034 18.125 0.037
55.666629 -0.002756 54037.385674 19.834 0.039 54037.38734 18.664 0.022 54037.384007 18.335 0.015 54037.38484 18.221 0.016 54037.386507 18.185 0.027
55.666629 -0.002756 54040.400176 19.782 0.037 54040.401842 18.61 0.012 54040.398509 18.288 0.016 54040.399342 18.144 0.016 54040.401009 18.087 0.026
55.666629 -0.002756 54041.435676 19.673 0.037 54041.437343 18.481 0.013 54041.434009 18.184 0.011 54041.434843 18.054 0.012 54041.436509 17.941 0.024
55.666629 -0.002756 54047.430834 19.436 0.093 54047.432501 18.267 0.025 54047.429167 18.014 0.017 54047.430001 17.936 0.02 54047.431667 17.876 0.035
55.666629 -0.002756 54049.426588 19.682 0.094 54049.428254 18.532 0.02 54049.424921 18.236 0.017 54049.425754 18.064 0.014 54049.427421 18.101 0.037
55.666629 -0.002756 54050.386826 19.266 0.045 54050.388493 17.984 0.017 54050.385159 17.799 0.024 54050.385993 17.85 0.013 54050.387659 17.838 0.029
55.666629 -0.002756 54053.406548 19.466 0.058 54053.408215 -99.99 0.012 54053.404882 -99.99 0.013 54053.405715 18.033 0.015 54053.407382 -99.99 0.044
55.666629 -0.002756 54056.392614 19.918 0.051 54056.394281 18.695 0.021 54056.390948 18.395 0.015 54056.391781 18.283 0.017 54056.393448 18.164 0.035
55.666629 -0.002756 54059.386915 19.895 0.052 54059.388582 18.607 0.013 54059.385248 18.258 0.015 54059.386082 18.152 0.018 54059.387748 18.189 0.035
55.666629 -0.002756 54061.397968 19.195 0.061 54061.399635 18.023 0.017 54061.396301 17.889 0.015 54061.397135 17.872 0.014 54061.398801 17.902 0.03
55.666629 -0.002756 54062.391826 19.795 0.046 54062.393493 18.625 0.02 54062.39016 18.259 0.018 54062.390993 18.157 0.017 54062.39266 18.085 0.028
55.666629 -0.002756 54064.388198 19.747 0.048 54064.389864 18.555 0.011 54064.386531 18.277 0.009 54064.387364 18.177 0.011 54064.389031 18.117 0.03
55.666629 -0.002756 54068.372352 19.719 0.059 54068.374018 18.527 0.023 54068.370685 18.215 0.009 54068.371518 18.106 0.029 54068.373185 17.942 0.037
55.666629 -0.002756 54348.471792 19.688 0.05 54348.473459 18.26 0.016 54348.470126 18.001 0.022 54348.470959 17.928 0.02 54348.472626 17.91 0.032
55.666629 -0.002756 54357.430097 19.867 0.041 54357.431763 18.728 0.025 54357.42843 18.422 0.021 54357.429263 18.229 0.024 54357.43093 18.237 0.032
55.666629 -0.002756 54358.427593 19.852 0.042 54358.42926 18.568 0.018 54358.425926 18.23 0.016 54358.42676 18.079 0.016 54358.428426 17.979 0.031
55.666629 -0.002756 54365.460622 19.366 0.029 54365.462289 18.064 0.026 54365.458956 17.937 0.013 54365.459789 17.923 0.021 54365.461456 17.866 0.028
55.666629 -0.002756 54376.474965 19.216 0.032 54376.476631 18.103 0.014 54376.473298 17.95 0.01 54376.474131 17.934 0.012 54376.475798 17.914 0.026
55.666629 -0.002756 54381.480193 19.461 0.035 54381.48186 18.144 0.009 54381.478526 17.956 0.023 54381.47936 17.918 0.016 54381.481026 17.842 0.024
55.666629 -0.002756 54382.460102 19.931 0.045 54382.461769 18.687 0.016 54382.458436 18.354 0.012 54382.459269 18.237 0.015 54382.460936 18.143 0.03
55.666629 -0.002756 54385.477922 19.79 0.044 54385.479588 18.639 0.018 54385.476255 18.298 0.013 54385.477088 18.195 0.014 54385.478755 18.114 0.027
55.666629 -0.002756 54386.472506 19.68 0.038 54386.474173 18.413 0.016 54386.47084 18.103 0.015 54386.471673 17.989 0.013 54386.47334 17.897 0.026
55.666629 -0.002756 54387.478392 19.262 0.036 54387.480058 18.098 0.011 54387.476725 17.959 0.011 54387.477558 17.928 0.012 54387.479225 17.886 0.024
55.666629 -0.002756 54388.476775 19.84 0.044 54388.478442 18.585 0.016 54388.475109 18.291 0.016 54388.475942 18.142 0.014 54388.477609 18.049 0.025
55.666629 -0.002756 54390.470809 19.76 0.062 54390.472476 18.693 0.012 54390.469143 18.392 0.016 54390.469976 18.272 0.041 54390.471643 18.189 0.05
55.666629 -0.002756 54391.479214 19.847 0.061 54391.480881 18.586 0.012 54391.477547 18.238 0.013 54391.478381 18.091 0.014 54391.480047 18.1 0.035
55.666629 -0.002756 54392.474329 19.437 0.032 54392.475996 18.161 0.026 54392.472662 17.955 0.011 54392.473496 17.903 0.017 54392.475162 17.807 0.034
55.666629 -0.002756 54402.471582 19.84 0.127 54402.473248 18.581 0.026 54402.469915 18.23 0.02 54402.470748 18.071 0.021 54402.472415 18.043 0.035
55.666629 -0.002756 54403.390572 -99.99 99.999 54403.392239 -99.99 0.085 54403.388905 17.887 0.02 54403.389739 -99.99 0.074 54403.391405 -99.99 0.82
55.666629 -0.002756 54406.384433 19.837 0.041 54406.3861 18.64 0.018 54406.382767 18.343 0.012 54406.3836 18.212 0.027 54406.385267 18.173 0.028
55.666629 -0.002756 54409.389243 19.896 0.042 54409.39091 18.674 0.015 54409.387577 18.336 0.012 54409.38841 18.207 0.013 54409.390077 18.122 0.025
55.666629 -0.002756 54412.410152 19.921 0.052 54412.411818 -99.99 0.024 54412.408485 18.243 0.014 54412.409318 18.107 0.014 54412.410985 18.065 0.033
