-11.446956 0.696839 51075.268148 17.638 0.01 51075.269814 16.451 0.004 51075.266481 16.139 0.004 51075.267314 16.01 0.004 51075.268981 15.943 0.007
-11.446956 0.696839 51464.256028 17.367 0.009 51464.257694 16.127 0.003 51464.254361 15.942 0.003 51464.255194 15.864 0.004 51464.256861 15.851 0.006
-11.446956 0.696839 52196.268665 17.69 0.011 52196.270331 16.499 0.004 52196.266998 16.2 0.004 52196.267831 16.083 0.005 52196.269498 16.044 0.007
-11.446956 0.696839 52197.281775 17.496 0.01 52197.283441 16.299 0.004 52197.280108 16.029 0.004 52197.280941 15.934 0.005 52197.282608 15.896 0.007
-11.446956 0.696839 52225.131957 17.616 0.01 52225.133623 16.422 0.004 52225.13029 16.128 0.004 52225.131123 15.997 0.004 52225.13279 15.952 0.007
-11.446956 0.696839 52231.167742 17.224 0.009 52231.169408 16.056 0.004 52231.166075 15.918 0.004 52231.166908 15.876 0.004 52231.168575 15.84 0.006
-11.446956 0.696839 52253.153916 17.626 0.013 52253.155582 16.463 0.004 52253.152249 16.23 0.004 52253.153082 16.114 0.004 52253.154749 16.069 0.007
-11.446956 0.696839 52557.275745 17.28 0.009 52557.277411 16.049 0.003 52557.274078 15.908 0.003 52557.274911 15.866 0.004 52557.276578 15.852 0.006
-11.446956 0.696839 52578.171826 -99.99 0.009 52578.173492 16.143 0.003 52578.170159 15.93 0.003 52578.170992 15.878 0.004 52578.172659 15.859 0.006
-11.446956 0.696839 52908.250311 17.589 0.011 52908.251977 16.422 0.004 52908.248644 16.151 0.004 52908.249477 15.987 0.004 52908.251144 15.952 0.007
-11.446956 0.696839 52911.264097 17.435 0.01 52911.265763 16.232 0.004 52911.26243 15.999 0.004 52911.263263 15.897 0.004 52911.26493 15.865 0.006
-11.446956 0.696839 52930.14147 17.353 0.009 52930.143136 16.134 0.004 52930.139803 15.944 0.004 52930.140636 15.877 0.005 52930.142303 15.858 0.006
-11.446956 0.696839 52934.182211 17.72 0.011 52934.183877 -99.99 0.004 52934.180544 16.172 0.003 52934.181377 -99.99 0.004 52934.183044 -99.99 0.007
-11.446956 0.696839 52936.178137 17.686 0.011 52936.179803 16.503 0.004 52936.17647 16.206 0.004 52936.177303 16.083 0.004 52936.17897 16.05 0.007
-11.446956 0.696839 52962.103658 -99.99 0.011 52962.105324 16.54 0.004 52962.101991 16.254 0.004 52962.102824 16.143 0.004 52962.104491 16.108 0.007
-11.446956 0.696839 53270.242225 17.584 0.018 53270.243892 16.349 0.021 53270.240558 16.04 0.012 53270.241392 15.953 0.015 53270.243058 15.933 0.022
-11.446956 0.696839 53272.292144 17.737 0.015 53272.29381 16.491 0.004 53272.290477 16.182 0.004 53272.29131 16.062 0.004 53272.292977 16.032 0.007
-11.446956 0.696839 53286.26086 17.716 0.013 53286.262526 16.515 0.004 53286.259193 16.221 0.004 53286.260026 16.094 0.004 53286.261693 16.055 0.007
-11.446956 0.696839 53288.219352 17.673 0.011 53288.221018 16.511 0.004 53288.217685 16.237 0.005 53288.218518 16.121 0.005 53288.220185 16.094 0.007
-11.446956 0.696839 53294.246703 17.574 0.014 53294.24837 16.383 0.013 53294.245037 -99.99 0.022 53294.24587 15.981 0.024 53294.247537 15.924 0.01
-11.446956 0.696839 53302.21502 -99.99 0.013 53302.216686 16.027 0.004 53302.213353 -99.99 0.004 53302.214186 15.843 0.004 53302.215853 15.842 0.007
-11.446956 0.696839 53312.170556 17.687 0.02 53312.172222 16.532 0.018 53312.168889 16.263 0.013 53312.169722 16.115 0.011 53312.171389 16.118 0.022
-11.446956 0.696839 53314.171748 17.277 0.011 53314.173414 16.082 0.007 53314.170081 15.927 0.007 53314.170914 15.891 0.009 53314.172581 15.892 0.01
-11.446956 0.696839 53616.276114 17.301 0.011 53616.27778 16.178 0.004 53616.274447 15.984 0.003 53616.27528 15.942 0.004 53616.276947 -99.99 0.007
-11.446956 0.696839 53623.266325 -99.99 0.01 53623.267991 16.032 0.003 53623.264658 15.893 0.004 53623.265491 15.849 0.004 53623.267158 15.867 0.007
-11.446956 0.696839 53626.252538 17.727 0.013 53626.254204 16.521 0.004 53626.250871 16.235 0.004 53626.251704 16.114 0.005 53626.253371 16.076 0.007
-11.446956 0.696839 53628.237403 17.419 0.015 53628.239069 16.294 0.004 53628.235736 16.084 0.004 53628.236569 16.005 0.004 53628.238236 15.992 0.007
-11.446956 0.696839 53637.239019 17.391 0.012 53637.240685 16.158 0.003 53637.237352 15.946 0.003 53637.238185 15.877 0.004 53637.239852 15.843 0.007
-11.446956 0.696839 53644.231465 17.475 0.015 53644.233131 16.298 0.021 53644.229798 16.008 0.015 53644.230631 15.926 0.013 53644.232298 15.903 0.015
-11.446956 0.696839 53654.266087 17.376 0.01 53654.267753 16.167 0.004 53654.26442 15.95 0.004 53654.265253 15.875 0.005 53654.26692 15.871 0.007
-11.446956 0.696839 53656.21368 -99.99 0.015 53656.215346 16.244 0.004 53656.212013 16.01 0.004 53656.212846 15.928 0.004 53656.214513 -99.99 0.007
-11.446956 0.696839 53663.22699 17.567 0.012 53663.228656 16.384 0.005 53663.225323 16.082 0.005 53663.226156 15.973 0.005 53663.227823 15.933 0.007
-11.446956 0.696839 53668.21659 17.468 0.011 53668.218256 16.274 0.003 53668.214923 16.014 0.003 53668.215756 15.893 0.004 53668.217423 15.882 0.007
-11.446956 0.696839 53670.221443 17.635 0.011 53670.223109 16.431 0.004 53670.219776 16.141 0.004 53670.220609 16.005 0.004 53670.222276 15.972 0.007
-11.446956 0.696839 53673.189427 17.357 0.01 53673.191093 16.151 0.004 53673.18776 15.954 0.004 53673.188593 15.876 0.004 53673.19026 15.845 0.006
-11.446956 0.696839 53675.186315 17.512 0.011 53675.187981 16.309 0.003 53675.184648 16.063 0.004 53675.185481 15.95 0.004 53675.187148 15.921 0.007
-11.446956 0.696839 53677.207346 17.654 0.011 53677.209012 16.491 0.004 53677.205679 16.176 0.005 53677.206512 16.028 0.004 53677.208179 15.999 0.007
-11.446956 0.696839 53680.194012 17.491 0.01 53680.195678 16.268 0.004 53680.192345 16.021 0.004 53680.193178 15.916 0.004 53680.194845 15.894 0.006
-11.446956 0.696839 53693.195912 17.516 0.015 53693.197578 16.382 0.004 53693.194245 16.165 0.004 53693.195078 16.073 0.004 53693.196745 16.045 0.007
-11.446956 0.696839 53702.191574 17.358 0.013 53702.193241 16.159 0.027 53702.189908 15.923 0.008 53702.190741 15.88 0.003 53702.192408 15.894 0.015
-11.446956 0.696839 53704.179236 17.484 0.011 53704.180902 16.308 0.004 53704.177569 16.037 0.004 53704.178402 15.928 0.005 53704.180069 15.901 0.007
-11.446956 0.696839 53974.271915 17.625 0.016 53974.273582 16.489 0.016 53974.270248 16.142 0.016 53974.271082 16.029 0.012 53974.272748 15.977 0.011
-11.446956 0.696839 53989.275285 17.464 0.021 53989.276952 16.276 0.013 53989.273619 16.07 0.016 53989.274452 15.952 0.011 53989.276119 15.88 0.014
-11.446956 0.696839 53997.370931 17.251 0.013 53997.372598 -99.99 0.025 53997.369265 -99.99 0.011 53997.370098 15.856 0.013 53997.371765 -99.99 0.012
-11.446956 0.696839 54000.250723 17.679 0.021 54000.25239 16.527 0.019 54000.249057 16.202 0.017 54000.24989 16.068 0.01 54000.251557 16.01 0.016
-11.446956 0.696839 54007.300949 17.629 0.019 54007.302616 16.471 0.016 54007.299282 16.209 0.011 54007.300116 16.104 0.01 54007.301782 16.071 0.011
-11.446956 0.696839 54009.224636 17.386 0.015 54009.226303 16.259 0.014 54009.22297 16.032 0.015 54009.223803 15.96 0.013 54009.22547 15.949 0.019
-11.446956 0.696839 54011.289154 17.374 0.024 54011.290821 16.19 0.014 54011.287488 15.954 0.012 54011.288321 15.876 0.019 54011.289988 15.88 0.014
-11.446956 0.696839 54019.239326 -99.99 0.016 54019.240993 16.571 0.014 54019.23766 16.234 0.018 54019.238493 16.111 0.015 54019.24016 16.077 0.012
-11.446956 0.696839 54025.288166 17.573 0.014 54025.289833 16.397 0.015 54025.2865 16.083 0.012 54025.287333 15.968 0.01 54025.289 15.94 0.015
-11.446956 0.696839 54029.218548 17.671 0.013 54029.220214 -99.99 0.013 54029.216881 16.166 0.011 54029.217714 16.05 0.009 54029.219381 16.019 0.012
-11.446956 0.696839 54348.28597 -99.99 0.02 54348.287636 -99.99 0.028 54348.284303 16.136 0.025 54348.285136 15.994 0.016 54348.286803 15.966 0.016
-11.446956 0.696839 54358.241816 17.464 0.018 54358.243483 16.273 0.025 54358.24015 15.995 0.017 54358.240983 15.912 0.011 54358.24265 -99.99 0.015
-11.446956 0.696839 54365.274805 17.583 0.018 54365.276471 16.372 0.016 54365.273138 16.113 0.014 54365.273971 15.969 0.011 54365.275638 15.93 0.018
-11.446956 0.696839 54373.348948 17.343 0.038 54373.350615 16.197 0.015 54373.347282 15.958 0.018 54373.348115 15.889 0.011 54373.349782 15.869 0.017
-11.446956 0.696839 54381.29434 -99.99 0.015 54381.296007 16.56 0.025 54381.292674 16.261 0.016 54381.293507 16.098 0.017 54381.295174 16.09 0.016
-11.446956 0.696839 54382.283977 17.484 0.017 54382.285644 16.401 0.019 54382.28231 16.075 0.016 54382.283144 15.967 0.011 54382.28481 15.887 0.014
-11.446956 0.696839 54386.286703 -99.99 0.023 54386.288369 16.525 0.012 54386.285036 16.203 0.012 54386.285869 16.096 0.012 54386.287536 16.062 0.014
-11.446956 0.696839 54388.290897 17.538 0.017 54388.292564 16.417 0.016 54388.289231 16.165 0.012 54388.290064 16.075 0.014 54388.291731 16.022 0.012
-11.446956 0.696839 54403.204702 17.702 0.035 54403.206369 16.476 0.014 54403.203036 16.165 0.017 54403.203869 16.024 0.02 54403.205536 15.979 0.015
-11.446956 0.696839 54405.260214 17.697 0.022 54405.261881 16.582 0.015 54405.258548 16.221 0.013 54405.259381 16.116 0.012 54405.261048 16.103 0.012
-11.446956 0.696839 54406.198567 17.413 0.02 54406.200233 16.263 0.015 54406.1969 16 0.018 54406.197733 15.899 0.013 54406.1994 15.903 0.015
-11.446956 0.696839 54412.201468 17.719 0.024 54412.203134 16.545 0.014 54412.199801 16.205 0.015 54412.200634 16.13 0.012 54412.202301 16.103 0.014
