15.621127 -0.059271 51075.343126 17.229 0.008 51075.344792 16.035 0.004 51075.341459 15.794 0.004 51075.342292 15.707 0.004 51075.343959 15.714 0.006
15.621127 -0.059271 52196.362337 17.313 0.01 52196.364003 16.137 0.003 52196.36067 15.872 0.004 52196.361503 15.77 0.004 52196.36317 15.728 0.006
15.621127 -0.059271 52197.356731 17.011 0.008 52197.358397 15.822 0.003 52197.355064 15.718 0.004 52197.355897 15.677 0.004 52197.357564 15.664 0.006
15.621127 -0.059271 52207.329119 17.405 0.01 52207.330785 16.24 0.004 52207.327452 15.959 0.005 52207.328285 15.852 0.006 52207.329952 15.833 0.007
15.621127 -0.059271 52225.206929 17.483 0.01 52225.208595 16.302 0.004 52225.205262 16.027 0.004 52225.206095 15.932 0.005 52225.207762 15.905 0.007
15.621127 -0.059271 52231.242713 17.25 0.009 52231.244379 16.026 0.004 52231.241046 15.794 0.004 52231.241879 15.708 0.005 52231.243546 15.695 0.006
15.621127 -0.059271 52234.213801 16.993 0.008 52234.215467 15.841 0.004 52234.212134 15.727 0.004 52234.212967 15.688 0.004 52234.214634 15.692 0.006
15.621127 -0.059271 52253.22888 17.279 0.01 52253.230546 16.174 0.003 52253.227213 15.942 0.004 52253.228046 15.875 0.004 52253.229713 15.83 0.007
15.621127 -0.059271 52557.350714 17.377 0.01 52557.35238 16.196 0.004 52557.349047 15.915 0.004 52557.34988 15.815 0.004 52557.351547 15.765 0.007
15.621127 -0.059271 52578.2468 17.297 0.009 52578.248466 16.109 0.004 52578.245133 15.833 0.004 52578.245966 15.756 0.004 52578.247633 15.728 0.006
15.621127 -0.059271 52908.325279 17.5 0.01 52908.326945 16.308 0.004 52908.323612 16.026 0.004 52908.324445 15.929 0.005 52908.326112 15.9 0.007
15.621127 -0.059271 52934.257183 17.392 0.01 52934.258849 16.233 0.003 52934.255516 15.956 0.004 52934.256349 15.859 0.004 52934.258016 15.812 0.007
15.621127 -0.059271 52936.253108 17.457 0.012 52936.254774 16.275 0.006 52936.251441 16.005 0.009 52936.252274 15.881 0.009 52936.253941 15.872 0.012
15.621127 -0.059271 53270.317173 17.358 0.017 53270.318839 16.198 0.013 53270.315506 15.907 0.013 53270.316339 15.787 0.014 53270.318006 15.753 0.013
15.621127 -0.059271 53272.367111 17.433 0.011 53272.368777 16.249 0.004 53272.365444 15.969 0.005 53272.366277 15.872 0.005 53272.367944 15.831 0.007
15.621127 -0.059271 53286.335829 17.461 0.013 53286.337495 16.254 0.005 53286.334162 15.951 0.006 53286.334995 15.861 0.007 53286.336662 15.828 0.01
15.621127 -0.059271 53288.294321 17.435 0.011 53288.295987 16.276 0.004 53288.292654 16 0.004 53288.293487 15.896 0.004 53288.295154 15.846 0.007
15.621127 -0.059271 53294.341996 17.187 0.009 53294.343662 15.996 0.003 53294.340329 15.769 0.003 53294.341162 15.711 0.004 53294.342829 15.681 0.006
15.621127 -0.059271 53296.288999 17.303 0.014 53296.290666 16.085 0.016 53296.287333 15.805 0.007 53296.288166 15.737 0.014 53296.289833 15.676 0.014
15.621127 -0.059271 53298.338775 17.436 0.012 53298.340441 16.254 0.004 53298.337108 15.942 0.005 53298.337941 15.854 0.005 53298.339608 15.808 0.008
15.621127 -0.059271 53302.289991 17.501 0.013 53302.291657 16.304 0.004 53302.288324 16.019 0.005 53302.289157 15.917 0.005 53302.290824 15.882 0.007
15.621127 -0.059271 53312.245586 17.38 0.012 53312.247252 16.17 0.01 53312.243919 15.879 0.012 53312.244752 15.769 0.012 53312.246419 15.755 0.012
15.621127 -0.059271 53314.246719 17.465 0.01 53314.248385 16.245 0.004 53314.245052 15.951 0.004 53314.245885 15.84 0.004 53314.247552 15.794 0.006
15.621127 -0.059271 53616.35108 16.945 0.009 53616.352746 15.751 0.003 53616.349413 15.658 0.003 53616.350246 15.64 0.003 53616.351913 15.633 0.006
15.621127 -0.059271 53626.327506 17.4 0.01 53626.329172 16.258 0.004 53626.325839 15.966 0.004 53626.326672 15.87 0.004 53626.328339 15.834 0.007
15.621127 -0.059271 53628.312371 17.503 0.013 53628.314037 16.326 0.004 53628.310704 16.042 0.004 53628.311537 15.954 0.004 53628.313204 15.899 0.007
15.621127 -0.059271 53637.313987 16.958 0.009 53637.315653 15.781 0.003 53637.31232 15.679 0.004 53637.313153 15.665 0.004 53637.31482 15.629 0.006
15.621127 -0.059271 53639.359364 17.154 0.009 53639.36103 15.942 0.004 53639.357697 15.735 0.005 53639.35853 15.675 0.005 53639.360197 15.652 0.007
15.621127 -0.059271 53654.341056 17.484 0.011 53654.342722 16.31 0.004 53654.339389 16.029 0.005 53654.340222 15.927 0.005 53654.341889 15.901 0.007
15.621127 -0.059271 53663.301961 17.37 0.012 53663.303627 16.177 0.004 53663.300294 15.951 0.005 53663.301127 15.875 0.005 53663.302794 15.859 0.007
15.621127 -0.059271 53665.279932 16.998 0.012 53665.281598 15.842 0.005 53665.278265 15.66 0.005 53665.279098 15.685 0.006 53665.280765 -99.99 0.01
15.621127 -0.059271 53666.372058 17.479 0.013 53666.373724 16.256 0.004 53666.370391 15.978 0.004 53666.371224 15.884 0.004 53666.372891 15.851 0.007
15.621127 -0.059271 53668.291561 17.451 0.011 53668.293227 16.272 0.004 53668.289894 16.001 0.004 53668.290727 15.893 0.004 53668.292394 15.872 0.007
15.621127 -0.059271 53670.296414 17.308 0.011 53670.29808 16.136 0.003 53670.294747 15.93 0.003 53670.29558 15.851 0.004 53670.297247 15.837 0.007
15.621127 -0.059271 53673.264399 17.45 0.01 53673.266065 16.236 0.004 53673.262732 15.946 0.005 53673.263565 15.831 0.005 53673.265232 15.797 0.007
15.621127 -0.059271 53675.261287 17.459 0.011 53675.262953 16.262 0.004 53675.25962 15.965 0.004 53675.260453 15.892 0.004 53675.26212 15.84 0.007
15.621127 -0.059271 53677.282318 17.309 0.01 53677.283984 16.172 0.004 53677.280651 15.955 0.005 53677.281484 15.882 0.006 53677.283151 15.855 0.007
15.621127 -0.059271 53680.268984 17.433 0.013 53680.27065 16.239 0.006 53680.267317 15.948 0.008 53680.26815 15.829 0.01 53680.269817 15.815 0.011
15.621127 -0.059271 53693.27088 16.929 0.011 53693.272546 15.736 0.004 53693.269213 15.63 0.004 53693.270046 15.613 0.004 53693.271713 15.605 0.006
15.621127 -0.059271 53698.268269 17.164 0.01 53698.269935 16.027 0.003 53698.266602 15.859 0.004 53698.267435 15.796 0.004 53698.269102 15.784 0.007
15.621127 -0.059271 53704.254202 17.271 0.01 53704.255868 16.087 0.003 53704.252535 15.826 0.003 53704.253368 15.739 0.004 53704.255035 15.703 0.007
15.621127 -0.059271 53989.350268 17.019 0.009 53989.351935 15.833 0.013 53989.348601 15.691 0.01 53989.349435 15.654 0.015 53989.351101 15.658 0.014
15.621127 -0.059271 53995.364867 17.399 0.019 53995.366534 16.163 0.023 53995.363201 15.889 0.011 53995.364034 15.785 0.014 53995.365701 15.768 0.022
15.621127 -0.059271 54000.325718 17.202 0.024 54000.327384 15.99 0.017 54000.324051 15.781 0.03 54000.324884 15.718 0.025 54000.326551 15.67 0.012
15.621127 -0.059271 54006.272443 17.436 0.018 54006.27411 -99.99 0.014 54006.270776 15.966 0.016 54006.27161 -99.99 0.015 54006.273276 -99.99 0.017
15.621127 -0.059271 54007.375827 17.286 0.029 54007.377493 16.15 0.016 54007.37416 -99.99 0.056 54007.374993 15.808 0.062 54007.37666 15.696 0.021
15.621127 -0.059271 54009.299634 17.31 0.023 54009.301301 16.108 0.022 54009.297967 15.82 0.018 54009.298801 15.743 0.016 54009.300467 15.725 0.019
15.621127 -0.059271 54011.364097 17.459 0.017 54011.365764 16.256 0.013 54011.36243 15.949 0.016 54011.363264 15.854 0.019 54011.36493 15.82 0.018
15.621127 -0.059271 54025.363106 17.466 0.018 54025.364773 16.263 0.023 54025.36144 15.974 0.019 54025.362273 15.839 0.015 54025.36394 15.843 0.025
15.621127 -0.059271 54029.293439 -99.99 0.023 54029.295106 16.326 0.04 54029.291773 16.02 0.014 54029.292606 15.975 0.016 54029.294273 15.912 0.023
15.621127 -0.059271 54348.360842 17.039 0.02 54348.362508 15.898 0.03 54348.359175 15.733 0.023 54348.360008 15.705 0.023 54348.361675 15.734 0.018
15.621127 -0.059271 54358.316688 17.42 0.023 54358.318354 -99.99 0.049 54358.315021 15.964 0.017 54358.315854 15.843 0.025 54358.317521 15.802 0.021
15.621127 -0.059271 54359.310707 17.138 0.023 54359.312373 15.899 0.014 54359.30904 15.713 0.019 54359.309873 15.624 0.019 54359.31154 15.647 0.011
15.621127 -0.059271 54365.349718 17.437 0.012 54365.351384 16.231 0.015 54365.348051 15.954 0.012 54365.348884 15.848 0.028 54365.350551 15.843 0.02
15.621127 -0.059271 54381.369332 17.34 0.018 54381.370998 16.173 0.012 54381.367665 15.957 0.013 54381.368498 15.871 0.016 54381.370165 15.835 0.021
15.621127 -0.059271 54384.375937 17.501 0.02 54384.377604 16.264 0.02 54384.37427 15.971 0.012 54384.375104 15.857 0.02 54384.37677 15.814 0.015
15.621127 -0.059271 54386.361602 17.488 0.021 54386.363269 16.282 0.016 54386.359935 15.972 0.013 54386.360769 15.885 0.016 54386.362435 15.894 0.017
15.621127 -0.059271 54388.365887 17.187 0.017 54388.367554 16.109 0.016 54388.36422 15.907 0.012 54388.365054 15.824 0.02 54388.36672 15.791 0.021
15.621127 -0.059271 54403.279733 17.431 0.029 54403.281399 16.128 0.025 54403.278066 15.841 0.015 54403.278899 15.742 0.016 54403.280566 15.709 0.013
15.621127 -0.059271 54404.337297 16.974 0.016 54404.338963 15.744 0.017 54404.33563 15.611 0.014 54404.336463 15.599 0.015 54404.33813 15.603 0.009
15.621127 -0.059271 54405.335227 17.44 0.016 54405.336894 16.237 0.01 54405.33356 15.95 0.011 54405.334394 15.848 0.009 54405.33606 15.813 0.016
15.621127 -0.059271 54406.273488 17.011 0.021 54406.275155 15.794 0.019 54406.271821 15.631 0.02 54406.272655 15.627 0.024 54406.274321 15.616 0.015
15.621127 -0.059271 54412.276464 17.498 0.016 54412.27813 16.232 0.016 54412.274797 15.943 0.011 54412.27563 15.831 0.012 54412.277297 15.819 0.016
