21.809918 0.734336 51075.360274 18.562 0.017 51075.36194 17.399 0.005 51075.358607 17.342 0.005 51075.35944 17.374 0.006 51075.361107 17.358 0.016
21.809918 0.734336 52196.379449 19.022 0.024 52196.381115 17.869 0.006 52196.377782 17.703 0.006 52196.378615 17.664 0.007 52196.380282 17.624 0.017
21.809918 0.734336 52197.373869 18.687 0.02 52197.375535 17.535 0.005 52197.372202 17.434 0.005 52197.373035 17.433 0.007 52197.374702 17.445 0.015
21.809918 0.734336 52207.34624 19.017 0.024 52207.347906 17.895 0.006 52207.344573 17.715 0.006 52207.345406 17.658 0.008 52207.347073 17.673 0.016
21.809918 0.734336 52225.224072 18.716 0.018 52225.225738 17.527 0.005 52225.222405 17.484 0.006 52225.223238 17.491 0.007 52225.224905 17.518 0.015
21.809918 0.734336 52231.259854 18.864 0.021 52231.26152 17.723 0.006 52231.258187 17.625 0.006 52231.25902 17.593 0.007 52231.260687 17.559 0.015
21.809918 0.734336 52234.230944 19.059 0.023 52234.23261 17.86 0.006 52234.229277 17.71 0.006 52234.23011 17.656 0.007 52234.231777 17.631 0.015
21.809918 0.734336 52282.120928 18.575 0.019 52282.122594 17.345 0.005 52282.119261 17.332 0.005 52282.120094 17.373 0.007 52282.121761 17.372 0.015
21.809918 0.734336 52287.074792 18.57 0.017 52287.076458 17.362 0.005 52287.073125 17.327 0.005 52287.073958 17.364 0.006 52287.075625 17.383 0.013
21.809918 0.734336 52552.393497 -99.99 0.019 52552.395163 17.449 0.005 52552.39183 17.414 0.006 52552.392663 17.445 0.007 52552.39433 17.433 0.014
21.809918 0.734336 52557.367854 18.556 0.019 52557.36952 17.351 0.005 52557.366187 17.35 0.005 52557.36702 17.371 0.007 52557.368687 17.406 0.017
21.809918 0.734336 52578.26394 18.634 0.017 52578.265606 17.402 0.005 52578.262273 17.369 0.005 52578.263106 17.384 0.006 52578.264773 17.389 0.014
21.809918 0.734336 52908.34242 18.534 0.017 52908.344086 17.33 0.005 52908.340753 17.332 0.005 52908.341586 17.348 0.007 52908.343253 17.388 0.014
21.809918 0.734336 52912.321859 18.939 0.024 52912.323525 17.815 0.006 52912.320192 17.647 0.006 52912.321025 17.612 0.007 52912.322692 17.619 0.017
21.809918 0.734336 52934.274324 18.93 0.023 52934.27599 17.805 0.006 52934.272657 17.644 0.006 52934.27349 17.601 0.007 52934.275157 17.564 0.018
21.809918 0.734336 52936.27025 18.843 0.02 52936.271916 17.688 0.006 52936.268583 17.604 0.006 52936.269416 17.582 0.007 52936.271083 17.591 0.016
21.809918 0.734336 53270.33432 18.546 0.018 53270.335987 -99.99 0.019 53270.332653 17.34 0.014 53270.333487 17.369 0.016 53270.335153 17.406 0.015
21.809918 0.734336 53272.384251 18.99 0.025 53272.385917 17.852 0.006 53272.382584 17.7 0.006 53272.383417 17.637 0.007 53272.385084 17.662 0.019
21.809918 0.734336 53286.35297 18.945 0.024 53286.354636 17.805 0.006 53286.351303 17.649 0.006 53286.352136 17.601 0.007 53286.353803 17.583 0.015
21.809918 0.734336 53288.311463 18.961 0.022 53288.313129 17.847 0.006 53288.309796 17.702 0.006 53288.310629 17.643 0.007 53288.312296 17.611 0.016
21.809918 0.734336 53294.359136 18.949 0.026 53294.360802 17.839 0.006 53294.357469 17.735 0.007 53294.358302 17.651 0.009 53294.359969 17.613 0.018
21.809918 0.734336 53296.306142 18.874 0.031 53296.307809 17.62 0.016 53296.304476 17.58 0.016 53296.305309 17.53 0.014 53296.306976 17.567 0.027
21.809918 0.734336 53298.355913 18.638 0.02 53298.357579 17.428 0.005 53298.354246 17.36 0.006 53298.355079 17.384 0.007 53298.356746 17.387 0.016
21.809918 0.734336 53302.30713 18.984 0.039 53302.308796 17.863 0.008 53302.305463 17.692 0.007 53302.306296 17.638 0.009 53302.307963 17.611 0.017
21.809918 0.734336 53312.262678 18.578 0.023 53312.264345 17.428 0.015 53312.261012 17.344 0.015 53312.261845 17.393 0.012 53312.263512 17.418 0.02
21.809918 0.734336 53314.26386 18.623 0.019 53314.265526 17.444 0.005 53314.262193 17.401 0.005 53314.263026 17.399 0.007 53314.264693 17.45 0.015
21.809918 0.734336 53319.251657 18.837 0.023 53319.253323 17.717 0.006 53319.24999 17.569 0.006 53319.250823 17.514 0.007 53319.25249 17.538 0.019
21.809918 0.734336 53616.368219 18.55 0.021 53616.369885 17.348 0.005 53616.366552 17.322 0.005 53616.367385 17.369 0.007 53616.369052 17.374 0.016
21.809918 0.734336 53626.344644 18.916 0.026 53626.34631 -99.99 0.008 53626.342977 17.633 0.006 53626.34381 17.587 0.008 53626.345477 17.588 0.017
21.809918 0.734336 53628.32951 18.875 0.035 53628.331176 17.739 0.007 53628.327843 17.62 0.007 53628.328676 17.613 0.008 53628.330343 17.628 0.018
21.809918 0.734336 53637.331127 18.935 0.031 53637.332793 17.815 0.007 53637.32946 17.672 0.007 53637.330293 17.605 0.008 53637.33196 17.6 0.02
21.809918 0.734336 53639.376503 18.557 0.019 53639.378169 17.43 0.005 53639.374836 17.402 0.006 53639.375669 17.42 0.007 53639.377336 17.456 0.013
21.809918 0.734336 53641.37567 18.6 0.023 53641.377336 17.434 0.01 53641.374003 17.39 0.011 53641.374836 17.402 0.012 53641.376503 17.418 0.02
21.809918 0.734336 53654.358195 18.92 0.023 53654.359861 17.796 0.006 53654.356528 17.633 0.006 53654.357361 17.591 0.007 53654.359028 17.61 0.016
21.809918 0.734336 53657.334553 18.844 0.062 53657.336219 17.666 0.009 53657.332886 17.522 0.008 53657.333719 17.51 0.011 53657.335386 17.555 0.031
21.809918 0.734336 53663.319101 18.608 0.026 53663.320767 17.403 0.006 53663.317434 17.347 0.006 53663.318267 17.372 0.008 53663.319934 17.386 0.014
21.809918 0.734336 53665.297071 -99.99 0.043 53665.298737 -99.99 0.009 53665.295404 17.515 0.023 53665.296237 -99.99 0.062 53665.297904 17.532 0.016
21.809918 0.734336 53666.389194 18.688 0.029 53666.39086 17.543 0.006 53666.387527 17.442 0.006 53666.38836 17.439 0.007 53666.390027 17.428 0.015
21.809918 0.734336 53668.308701 18.754 0.023 53668.310367 17.646 0.006 53668.307034 17.509 0.006 53668.307867 17.491 0.007 53668.309534 17.476 0.016
21.809918 0.734336 53670.313553 18.951 0.026 53670.315219 17.865 0.006 53670.311886 17.711 0.006 53670.312719 17.612 0.008 53670.314386 17.664 0.02
21.809918 0.734336 53673.281539 18.944 0.023 53673.283205 17.798 0.006 53673.279872 17.637 0.006 53673.280705 17.602 0.007 53673.282372 17.617 0.015
21.809918 0.734336 53675.278427 18.783 0.021 53675.280093 17.654 0.006 53675.27676 17.598 0.006 53675.277593 17.568 0.007 53675.27926 17.57 0.016
21.809918 0.734336 53677.299458 18.487 0.018 53677.301124 17.329 0.005 53677.297791 17.324 0.006 53677.298624 17.35 0.006 53677.300291 17.398 0.013
21.809918 0.734336 53680.286125 18.533 0.018 53680.287791 17.357 0.005 53680.284458 17.343 0.005 53680.285291 17.375 0.006 53680.286958 17.409 0.013
21.809918 0.734336 53686.285557 18.65 0.038 53686.287223 17.517 0.008 53686.28389 17.472 0.008 53686.284723 17.475 0.009 53686.28639 17.54 0.02
21.809918 0.734336 53693.288019 18.78 0.035 53693.289685 17.615 0.007 53693.286352 17.482 0.006 53693.287185 17.467 0.008 53693.288852 17.482 0.015
21.809918 0.734336 53698.285407 18.918 0.025 53698.287073 17.82 0.006 53698.28374 17.674 0.006 53698.284573 17.598 0.007 53698.28624 17.603 0.016
21.809918 0.734336 53704.27134 18.79 0.024 53704.273006 17.608 0.005 53704.269673 17.49 0.006 53704.270506 17.494 0.007 53704.272173 17.503 0.017
21.809918 0.734336 53989.367395 18.839 0.044 53989.369062 17.63 0.018 53989.365728 17.504 0.015 53989.366562 17.463 0.018 53989.368228 17.486 0.02
21.809918 0.734336 53995.382014 18.668 0.025 53995.38368 17.485 0.01 53995.380347 17.408 0.012 53995.38118 17.411 0.015 53995.382847 17.407 0.015
21.809918 0.734336 54000.342841 18.778 0.02 54000.344508 17.622 0.014 54000.341175 -99.99 0.03 54000.342008 17.476 0.016 54000.343675 17.478 0.017
21.809918 0.734336 54006.289583 -99.99 0.152 54006.291249 -99.99 0.023 54006.287916 -99.99 0.022 54006.288749 -99.99 0.021 54006.290416 -99.99 0.134
21.809918 0.734336 54007.392968 18.556 0.022 54007.394635 -99.99 0.033 54007.391302 17.364 0.023 54007.392135 17.383 0.014 54007.393802 17.424 0.02
21.809918 0.734336 54009.316757 18.517 0.017 54009.318423 17.333 0.017 54009.31509 17.321 0.011 54009.315923 17.351 0.02 54009.31759 17.394 0.022
21.809918 0.734336 54011.381243 18.889 0.027 54011.382909 17.807 0.025 54011.379576 17.628 0.013 54011.380409 17.568 0.013 54011.382076 17.568 0.016
21.809918 0.734336 54025.380262 18.869 0.025 54025.381929 17.763 0.045 54025.378596 17.628 0.028 54025.379429 17.549 0.021 54025.381096 17.611 0.02
21.809918 0.734336 54029.310575 18.607 0.035 54029.312242 17.53 0.021 54029.308909 17.469 0.014 54029.309742 17.452 0.022 54029.311409 17.503 0.019
21.809918 0.734336 54348.377984 18.973 0.028 54348.37965 17.795 0.019 54348.376317 17.612 0.023 54348.37715 17.572 0.018 54348.378817 17.562 0.018
21.809918 0.734336 54358.333832 18.963 0.026 54358.335499 17.781 0.026 54358.332166 17.641 0.012 54358.332999 17.615 0.02 54358.334666 17.584 0.022
21.809918 0.734336 54359.328016 18.883 0.053 54359.329683 17.696 0.015 54359.326349 17.582 0.02 54359.327183 17.493 0.021 54359.328849 17.574 0.045
21.809918 0.734336 54365.366875 18.779 0.03 54365.368542 17.6 0.016 54365.365209 17.488 0.01 54365.366042 17.466 0.021 54365.367709 17.45 0.02
21.809918 0.734336 54381.386453 18.973 0.023 54381.388119 17.892 0.02 54381.384786 17.704 0.028 54381.385619 17.627 0.019 54381.387286 17.642 0.015
21.809918 0.734336 54384.393073 -99.99 0.032 54384.39474 17.894 0.013 54384.391406 17.675 0.012 54384.39224 17.63 0.014 54384.393906 17.637 0.022
21.809918 0.734336 54386.378802 18.654 0.026 54386.380469 17.538 0.017 54386.377136 17.496 0.03 54386.377969 17.476 0.013 54386.379636 17.552 0.021
21.809918 0.734336 54388.383007 18.498 0.039 54388.384674 17.346 0.016 54388.38134 17.318 0.016 54388.382174 17.356 0.014 54388.38384 17.398 0.017
21.809918 0.734336 54392.380581 18.949 0.027 54392.382248 17.829 0.019 54392.378914 17.694 0.024 54392.379748 17.628 0.013 54392.381414 17.688 0.038
21.809918 0.734336 54403.296795 18.967 0.037 54403.298462 17.801 0.013 54403.295128 17.653 0.012 54403.295962 17.6 0.014 54403.297628 17.542 0.021
21.809918 0.734336 54404.354426 18.7 0.03 54404.356093 17.581 0.014 54404.35276 17.446 0.014 54404.353593 17.448 0.015 54404.35526 17.47 0.016
21.809918 0.734336 54405.352312 18.585 0.021 54405.353979 17.468 0.021 54405.350646 17.391 0.012 54405.351479 17.413 0.015 54405.353146 17.437 0.019
21.809918 0.734336 54406.29063 18.867 0.019 54406.292297 17.752 0.012 54406.288964 17.581 0.023 54406.289797 17.577 0.014 54406.291464 17.542 0.015
21.809918 0.734336 54412.316386 18.753 0.021 54412.318053 17.573 0.034 54412.314719 17.473 0.025 54412.315553 17.458 0.013 54412.317219 17.528 0.023
